BlueCove version 2.1.0 on widcomm
BTSend Log.listener: Connected to gauss
----------bias------------
603
604
604
603
604
604
603
603
602
604
604
603
603
604
604
604
604
603
603
604
604
604
603
603
603
604
603
603
603
604
604
603
603
604
604
604
603
602
603
604
604
603
603
603
604
604
604
603
603
603
604
604
603
604
603
603
604
603
603
603
604
603
604
604
603
604
604
603
603
604
604
604
603
603
603
604
603
604
603
603
604
604
603
603
604
603
603
603
603
604
604
604
602
602
603
604
604
603
603
603
----------track-----------
0
2
5
8
11
14
17
20
23
26
29
32
35
38
41
44
47
50
53
56
59
62
65
68
71
74
77
80
83
86
89
92
95
98
101
104
107
110
113
116
119
122
125
128
131
134
137
140
143
146
149
152
155
158
161
164
167
170
173
176
179
182
185
188
191
194
197
200
203
206
209
212
215
218
221
224
227
230
233
236
239
242
245
248
251
254
257
260
263
266
269
272
275
278
281
284
287
290
293
296
------------y-------------
604
603
604
657
790
724
669
672
731
701
696
716
707
710
699
709
718
707
707
702
691
693
700
700
710
711
705
709
693
704
704
707
693
703
703
700
704
705
696
701
704
703
698
699
699
702
704
707
717
708
701
707
698
697
698
699
698
702
705
703
698
693
693
710
713
712
715
720
732
719
704
700
699
746
805
600
661
691
712
709
701
717
705
705
696
707
701
709
708
708
702
709
700
706
699
708
709
709
705
706
BlueCove stack shutdown completed
