(Round 1: sensor in upward position)
35 70
35 70
35 70
35 70
35 70
36 800
36 800
36 800
36 800
36 800
37 550
37 550
37 550
37 550
37 550
38 12
38 12
38 12
38 12
38 12
39 181
39 181
39 181
39 181
39 181
40 160
40 160
40 160
40 160
40 160
41 154
41 154
41 154
41 154
41 154
42 150
42 150
42 150
42 150
42 150
43 156
43 156
43 156
43 156
43 156
44 159
44 159
44 159
44 159
44 159
45 148
45 148
45 148
45 148
45 148
46 136
46 136
46 136
46 136
46 136
47 132
47 132
47 132
47 132
47 132
48 128
48 128
48 128
48 128
48 128
49 125
49 125
49 125
49 125
49 125
50 125
50 125
50 125
50 125
50 125
51 126
51 126
51 126
51 126
51 126
52 129
52 129
52 129
52 129
52 129
53 140
53 140
53 140
53 140
53 140
54 158
54 158
54 158
54 158
54 158
55 175
55 175
55 175
55 175
55 175
56 189
56 189
56 189
56 189
56 189
57 193
57 193
57 193
57 193
57 193
58 185
58 185
58 185
58 185
58 185
59 168
59 168
59 168
59 168
59 168
60 148
60 148
60 148
60 148
60 148
61 133
61 133
61 133
61 133
61 133
62 122
62 122
62 122
62 122
62 122
63 115
63 115
63 115
63 115
63 115
64 109
64 109
64 109
64 109
64 109
65 105
65 105
65 105
65 105
65 105
66 103
66 103
66 103
66 103
66 103
67 101
67 101
67 101
67 101
67 101
68 100
68 100
68 100
68 100
68 100
69 99
69 99
69 99
69 99
69 99
70 98
70 98
70 98
70 98
70 98
71 99
71 99
71 99
71 99
71 99
72 99
72 99
72 99
72 99
72 99
73 99
73 99
73 99
73 99
73 99
74 100
74 100
74 100
74 100
74 100
75 100
75 100
75 100
75 100
75 100
76 100
76 100
76 100
76 100
76 100
77 100
77 100
77 100
77 100
77 100
78 99
78 99
78 99
78 99
78 99
79 99
79 99
79 99
79 99
79 99
80 98
80 98
80 98
80 98
80 98
81 97
81 97
81 97
81 97
81 97
82 95
82 95
82 95
82 95
82 95
83 95
83 95
83 95
83 95
83 95
84 93
84 93
84 93
84 93
84 93
85 92
85 92
85 92
85 92
85 92
86 92
86 92
86 92
86 92
86 92
87 91
87 91
87 91
87 91
87 91
88 91
88 91
88 91
88 91
88 91
89 91
89 91
89 91
89 91
89 91
90 90
90 90
90 90
90 90
90 90
91 90
91 90
91 90
91 90
91 90
92 90
92 90
92 90
92 90
92 90
93 90
93 90
93 90
93 90
93 90
94 90
94 90
94 90
94 90
94 90
95 90
95 90
95 90
95 90
95 90
96 90
96 90
96 90
96 90
96 90
97 90
97 90
97 90
97 90
97 90
98 90
98 90
98 90
98 90
98 90
99 90
99 90
99 90
99 90
99 90
100 90
100 90
100 90
100 90
100 90
101 90
101 90
101 90
101 90
101 90
102 90
102 90
102 90
102 90
102 90
103 91
103 91
103 91
103 91
103 91
104 90
104 90
104 90
104 90
104 90
105 90
105 90
105 90
105 90
105 90
106 91
106 91
106 91
106 91
106 91
107 91
107 91
107 91
107 91
107 91
108 91
108 91
108 91
108 91
108 91
109 92
109 92
109 92
109 92
109 92
110 92
110 92
110 92
110 92
110 92
111 92
111 92
111 92
111 92
111 92
112 94
112 94
112 94
112 94
112 94
113 94
113 94
113 94
113 94
113 94
114 95
114 95
114 95
114 95
114 95
115 96
115 96
115 96
115 96
115 96
116 97
116 97
116 97
116 97
116 97
117 97
117 97
117 97
117 97
117 97
118 98
118 98
118 98
118 98
118 98
119 99
119 99
119 99
119 99
119 99
120 100
120 100
120 100
120 100
120 100
121 101
121 101
121 101
121 101
121 101
122 102
122 102
122 102
122 102
122 102
123 103
123 103
123 103
123 103
123 103
124 104
124 104
124 104
124 104
124 104
125 105
125 105
125 105
125 105
125 105
126 106
126 106
126 106
126 106
126 106
127 107
127 107
127 107
127 107
127 107
128 108
128 108
128 108
128 108
128 108
129 108
129 108
129 108
129 108
129 108
130 110
130 110
130 110
130 110
130 110
131 110
131 110
131 110
131 110
131 110
132 111
132 111
132 111
132 111
132 111
133 112
133 112
133 112
133 112
133 112
134 114
134 114
134 114
134 114
134 114
135 116
135 116
135 116
135 116
135 116
136 115
136 115
136 115
136 115
136 115
137 116
137 116
137 116
137 116
137 116
138 117
138 117
138 117
138 117
138 117
139 118
139 118
139 118
139 118
139 118
140 119
140 119
140 119
140 119
140 119
141 120
141 120
141 120
141 120
141 120
142 121
142 121
142 121
142 121
142 121
143 122
143 122
143 122
143 122
143 122
144 123
144 123
144 123
144 123
144 123
145 124
145 124
145 124
145 124
145 124
146 125
146 125
146 125
146 125
146 125
147 126
147 126
147 126
147 126
147 126
148 128
148 128
148 128
148 128
148 128
149 128
149 128
149 128
149 128
149 128
150 129
150 129
150 129
150 129
150 129
151 130
151 130
151 130
151 130
151 130
152 131
152 131
152 131
152 131
152 131
153 132
153 132
153 132
153 132
153 132
154 133
154 133
154 133
154 133
154 133
155 133
155 133
155 133
155 133
155 133
156 134
156 134
156 134
156 134
156 134
157 135
157 135
157 135
157 135
157 135
158 137
158 137
158 137
158 137
158 137
159 138
159 138
159 138
159 138
159 138
160 138
160 138
160 138
160 138
160 138
161 139
161 139
161 139
161 139
161 139
162 141
162 141
162 141
162 141
162 141
163 142
163 142
163 142
163 142
163 142
164 143
164 143
164 143
164 143
164 143
165 143
165 143
165 143
165 143
165 143
166 144
166 144
166 144
166 144
166 144
167 146
167 146
167 146
167 146
167 146
168 147
168 147
168 147
168 147
168 147
169 147
169 147
169 147
169 147
169 147
170 148
170 148
170 148
170 148
170 148
171 149
171 149
171 149
171 149
171 149
172 149
172 149
172 149
172 149
172 149
173 150
173 150
173 150
173 150
173 150
174 152
174 152
174 152
174 152
174 152
175 152
175 152
175 152
175 152
175 152
176 154
176 154
176 154
176 154
176 154
177 155
177 155
177 155
177 155
177 155
178 155
178 155
178 155
178 155
178 155
179 157
179 157
179 157
179 157
179 157
180 157
180 157
180 157
180 157
180 157
181 159
181 159
181 159
181 159
181 159
182 162
182 162
182 162
182 162
182 162
183 160
183 160
183 160
183 160
183 160
184 162
184 162
184 162
184 162
184 162
185 162
185 162
185 162
185 162
185 162
186 164
186 164
186 164
186 164
186 164
187 165
187 165
187 165
187 165
187 165
188 165
188 165
188 165
188 165
188 165
189 167
189 167
189 167
189 167
189 167
190 167
190 167
190 167
190 167
190 167
191 169
191 169
191 169
191 169
191 169
192 169
192 169
192 169
192 169
192 169
193 171
193 171
193 171
193 171
193 171
194 171
194 171
194 171
194 171
194 171
195 173
195 173
195 173
195 173
195 173
196 173
196 173
196 173
196 173
196 173
197 175
197 175
197 175
197 175
197 175
198 175
198 175
198 175
198 175
198 175
199 177
199 177
199 177
199 177
199 177
200 177
200 177
200 177
200 177
200 177
201 180
201 180
201 180
201 180
201 180
202 180
202 180
202 180
202 180
202 180
203 182
203 182
203 182
203 182
203 182
204 182
204 182
204 182
204 182
204 182
205 181
205 181
205 181
205 181
205 181
206 183
206 183
206 183
206 183
206 183
207 183
207 183
207 183
207 183
207 183
208 185
208 185
208 185
208 185
208 185
209 185
209 185
209 185
209 185
209 185
210 188
210 188
210 188
210 188
210 188
211 188
211 188
211 188
211 188
211 188
212 188
212 188
212 188
212 188
212 188
213 190
213 190
213 190
213 190
213 190
214 190
214 190
214 190
214 190
214 190
215 192
215 192
215 192
215 192
215 192
216 192
216 192
216 192
216 192
216 192
217 193
217 193
217 193
217 193
217 193
218 195
218 195
218 195
218 195
218 195
219 195
219 195
219 195
219 195
219 195
220 197
220 197
220 197
220 197
220 197
221 197
221 197
221 197
221 197
221 197
222 197
222 197
222 197
222 197
222 197
223 200
223 200
223 200
223 200
223 200
224 200
224 200
224 200
224 200
224 200
225 200
225 200
225 200
225 200
225 200
226 203
226 203
226 203
226 203
226 203
227 203
227 203
227 203
227 203
227 203
228 207
228 207
228 207
228 207
228 207
229 205
229 205
229 205
229 205
229 205
230 205
230 205
230 205
230 205
230 205
231 205
231 205
231 205
231 205
231 205
232 209
232 209
232 209
232 209
232 209
233 209
233 209
233 209
233 209
233 209
234 209
234 209
234 209
234 209
234 209
235 213
235 213
235 213
235 213
235 213
236 212
236 212
236 212
236 212
236 212
237 212
237 212
237 212
237 212
237 212
238 215
238 215
238 215
238 215
238 215
239 215
239 215
239 215
239 215
239 215
240 215
240 215
240 215
240 215
240 215
241 217
241 217
241 217
241 217
241 217
242 217
242 217
242 217
242 217
242 217
243 217
243 217
243 217
243 217
243 217
244 218
244 218
244 218
244 218
244 218
245 218
245 218
245 218
245 218
245 218
246 219
246 219
246 219
246 219
246 219
247 219
247 219
247 219
247 219
247 219
248 225
248 225
248 225
248 225
248 225
249 223
249 223
249 223
249 223
249 223
250 225
250 225
250 225
250 225
250 225
251 227
251 227
251 227
251 227
251 227
252 227
252 227
252 227
252 227
252 227
253 227
253 227
253 227
253 227
253 227
254 230
254 230
254 230
254 230
254 230
255 230
255 230
255 230
255 230
255 230
256 230
256 230
256 230
256 230
256 230
257 230
257 230
257 230
257 230
257 230
258 233
258 233
258 233
258 233
258 233
259 233
259 233
259 233
259 233
259 233
260 233
260 233
260 233
260 233
260 233
261 233
261 233
261 233
261 233
261 233
262 239
262 239
262 239
262 239
262 239
263 239
263 239
263 239
263 239
263 239
264 237
264 237
264 237
264 237
264 237
265 240
265 240
265 240
265 240
265 240
266 242
266 242
266 242
266 242
266 242
267 242
267 242
267 242
267 242
267 242
268 241
268 241
268 241
268 241
268 241
269 242
269 242
269 242
269 242
269 242
270 247
270 247
270 247
270 247
270 247
271 249
271 249
271 249
271 249
271 249
272 247
272 247
272 247
272 247
272 247
273 248
273 248
273 248
273 248
273 248
274 251
274 251
274 251
274 251
274 251
275 251
275 251
275 251
275 251
275 251
276 251
276 251
276 251
276 251
276 251
277 251
277 251
277 251
277 251
277 251
278 253
278 253
278 253
278 253
278 253
279 253
279 253
279 253
279 253
279 253
280 253
280 253
280 253
280 253
280 253
281 253
281 253
281 253
281 253
281 253
282 256
282 256
282 256
282 256
282 256
283 256
283 256
283 256
283 256
283 256
284 259
284 259
284 259
284 259
284 259
285 256
285 256
285 256
285 256
285 256
286 256
286 256
286 256
286 256
286 256
287 261
287 261
287 261
287 261
287 261
288 261
288 261
288 261
288 261
288 261
289 261
289 261
289 261
289 261
289 261
290 261
290 261
290 261
290 261
290 261
291 261
291 261
291 261
291 261
291 261
292 266
292 266
292 266
292 266
292 266
293 268
293 268
293 268
293 268
293 268
294 268
294 268
294 268
294 268
294 268
295 266
295 266
295 266
295 266
295 266
296 266
296 266
296 266
296 266
296 266
297 270
297 270
297 270
297 270
297 270
298 270
298 270
298 270
298 270
298 270
299 270
299 270
299 270
299 270
299 270
300 270
300 270
300 270
300 270
300 270
301 270
301 270
301 270
301 270
301 270
302 275
302 275
302 275
302 275
302 275
303 276
303 276
303 276
303 276
303 276
304 274
304 274
304 274
304 274
304 274
305 275
305 275
305 275
305 275
305 275
306 276
306 276
306 276
306 276
306 276
307 279
307 279
307 279
307 279
307 279
308 282
308 282
308 282
308 282
308 282
309 279
309 279
309 279
309 279
309 279
310 279
310 279
310 279
310 279
310 279
311 282
311 282
311 282
311 282
311 282
312 282
312 282
312 282
312 282
312 282
313 288
313 288
313 288
313 288
313 288
314 288
314 288
314 288
314 288
314 288
315 288
315 288
315 288
315 288
315 288
316 288
316 288
316 288
316 288
316 288
317 288
317 288
317 288
317 288
317 288
318 288
318 288
318 288
318 288
318 288
319 295
319 295
319 295
319 295
319 295
320 295
320 295
320 295
320 295
320 295
321 296
321 296
321 296
321 296
321 296
322 295
322 295
322 295
322 295
322 295
323 295
323 295
323 295
323 295
323 295
324 296
324 296
324 296
324 296
324 296
325 300
325 300
325 300
325 300
325 300
326 299
326 299
326 299
326 299
326 299
327 300
327 300
327 300
327 300
327 300
328 300
328 300
328 300
328 300
328 300
329 299
329 299
329 299
329 299
329 299
330 300
330 300
330 300
330 300
330 300
331 300
331 300
331 300
331 300
331 300
332 306
332 306
332 306
332 306
332 306
333 306
333 306
333 306
333 306
333 306
334 306
334 306
334 306
334 306
334 306
335 306
335 306
335 306
335 306
335 306
336 306
336 306
336 306
336 306
336 306
337 309
337 309
337 309
337 309
337 309
338 309
338 309
338 309
338 309
338 309
339 313
339 313
339 313
339 313
339 313
340 313
340 313
340 313
340 313
340 313
341 313
341 313
341 313
341 313
341 313
342 316
342 316
342 316
342 316
342 316
343 313
343 313
343 313
343 313
343 313
344 313
344 313
344 313
344 313
344 313
345 318
345 318
345 318
345 318
345 318
346 319
346 319
346 319
346 319
346 319
347 319
347 319
347 319
347 319
347 319
348 321
348 321
348 321
348 321
348 321
349 319
349 319
349 319
349 319
349 319
350 319
350 319
350 319
350 319
350 319
351 319
351 319
351 319
351 319
351 319
352 319
352 319
352 319
352 319
352 319
353 324
353 324
353 324
353 324
353 324
354 324
354 324
354 324
354 324
354 324
355 324
355 324
355 324
355 324
355 324
356 324
356 324
356 324
356 324
356 324
357 324
357 324
357 324
357 324
357 324
358 324
358 324
358 324
358 324
358 324
359 330
359 330
359 330
359 330
359 330
360 330
360 330
360 330
360 330
360 330
361 334
361 334
361 334
361 334
361 334
362 334
362 334
362 334
362 334
362 334
363 334
363 334
363 334
363 334
363 334
364 336
364 336
364 336
364 336
364 336
365 334
365 334
365 334
365 334
365 334
366 336
366 336
366 336
366 336
366 336
367 336
367 336
367 336
367 336
367 336
368 344
368 344
368 344
368 344
368 344
369 342
369 342
369 342
369 342
369 342
370 342
370 342
370 342
370 342
370 342
371 342
371 342
371 342
371 342
371 342
372 345
372 345
372 345
372 345
372 345
373 344
373 344
373 344
373 344
373 344
374 344
374 344
374 344
374 344
374 344
375 344
375 344
375 344
375 344
375 344
376 344
376 344
376 344
376 344
376 344
377 350
377 350
377 350
377 350
377 350
378 350
378 350
378 350
378 350
378 350
379 350
379 350
379 350
379 350
379 350
380 350
380 350
380 350
380 350
380 350
381 350
381 350
381 350
381 350
381 350
382 350
382 350
382 350
382 350
382 350
383 350
383 350
383 350
383 350
383 350
384 350
384 350
384 350
384 350
384 350
385 357
385 357
385 357
385 357
385 357
386 359
386 359
386 359
386 359
386 359
387 359
387 359
387 359
387 359
387 359
388 366
388 366
388 366
388 366
388 366
389 359
389 359
389 359
389 359
389 359
390 359
390 359
390 359
390 359
390 359
391 359
391 359
391 359
391 359
391 359
392 359
392 359
392 359
392 359
392 359
393 359
393 359
393 359
393 359
393 359
394 369
394 369
394 369
394 369
394 369
