(Round 2: sensor in downward pos, starting at 525mm from wall)
525 544
525 544
525 544
525 544
525 544
526 544
526 544
526 544
526 544
526 544
527 550
527 550
527 550
527 550
527 550
528 560
528 560
528 560
528 560
528 560
529 550
529 550
529 550
529 550
529 550
530 550
530 550
530 550
530 550
530 550
531 550
531 550
531 550
531 550
531 550
532 568
532 568
532 568
532 568
532 568
533 566
533 566
533 566
533 566
533 566
534 566
534 566
534 566
534 566
534 566
535 569
535 569
535 569
535 569
535 569
536 569
536 569
536 569
536 569
536 569
537 569
537 569
537 569
537 569
537 569
538 569
538 569
538 569
538 569
538 569
539 566
539 566
539 566
539 566
539 566
540 569
540 569
540 569
540 569
540 569
541 569
541 569
541 569
541 569
541 569
542 566
542 566
542 566
542 566
542 566
543 569
543 569
543 569
543 569
543 569
544 569
544 569
544 569
544 569
544 569
545 566
545 566
545 566
545 566
545 566
546 566
546 566
546 566
546 566
546 566
547 566
547 566
547 566
547 566
547 566
548 566
548 566
548 566
548 566
548 566
549 566
549 566
549 566
549 566
549 566
550 566
550 566
550 566
550 566
550 566
551 566
551 566
551 566
551 566
551 566
552 566
552 566
552 566
552 566
552 566
553 594
553 594
553 594
553 594
553 594
554 602
554 602
554 602
554 602
554 602
555 569
555 569
555 569
555 569
555 569
556 602
556 602
556 602
556 602
556 602
557 602
557 602
557 602
557 602
557 602
558 602
558 602
558 602
558 602
558 602
559 602
559 602
559 602
559 602
559 602
560 610
560 610
560 610
560 610
560 610
561 602
561 602
561 602
561 602
561 602
562 602
562 602
562 602
562 602
562 602
563 602
563 602
563 602
563 602
563 602
564 602
564 602
564 602
564 602
564 602
565 602
565 602
565 602
565 602
565 602
566 602
566 602
566 602
566 602
566 602
567 602
567 602
567 602
567 602
567 602
568 602
568 602
568 602
568 602
568 602
569 602
569 602
569 602
569 602
569 602
570 602
570 602
570 602
570 602
570 602
571 610
571 610
571 610
571 610
571 610
572 602
572 602
572 602
572 602
572 602
573 602
573 602
573 602
573 602
573 602
574 602
574 602
574 602
574 602
574 602
575 602
575 602
575 602
575 602
575 602
576 602
576 602
576 602
576 602
576 602
577 630
577 630
577 630
577 630
577 630
578 602
578 602
578 602
578 602
578 602
579 611
579 611
579 611
579 611
579 611
580 602
580 602
580 602
580 602
580 602
581 638
581 638
581 638
581 638
581 638
582 638
582 638
582 638
582 638
582 638
583 630
583 630
583 630
583 630
583 630
584 630
584 630
584 630
584 630
584 630
585 630
585 630
585 630
585 630
585 630
586 630
586 630
586 630
586 630
586 630
587 630
587 630
587 630
587 630
587 630
588 630
588 630
588 630
588 630
588 630
589 630
589 630
589 630
589 630
589 630
590 630
590 630
590 630
590 630
590 630
591 630
591 630
591 630
591 630
591 630
592 630
592 630
592 630
592 630
592 630
593 630
593 630
593 630
593 630
593 630
594 630
594 630
594 630
594 630
594 630
595 630
595 630
595 630
595 630
595 630
596 630
596 630
596 630
596 630
596 630
597 630
597 630
597 630
597 630
597 630
598 630
598 630
598 630
598 630
598 630
599 630
599 630
599 630
599 630
599 630
600 638
600 638
600 638
600 638
600 638
601 630
601 630
601 630
601 630
601 630
602 630
602 630
602 630
602 630
602 630
603 630
603 630
603 630
603 630
603 630
604 630
604 630
604 630
604 630
604 630
605 630
605 630
605 630
605 630
605 630
606 630
606 630
606 630
606 630
606 630
607 638
607 638
607 638
607 638
607 638
608 660
608 660
608 660
608 660
608 660
609 641
609 641
609 641
609 641
609 641
610 630
610 630
610 630
610 630
610 630
611 660
611 660
611 660
611 660
611 660
612 660
612 660
612 660
612 660
612 660
613 630
613 630
613 630
613 630
613 630
614 660
614 660
614 660
614 660
614 660
615 660
615 660
615 660
615 660
615 660
616 660
616 660
616 660
616 660
616 660
617 676
617 676
617 676
617 676
617 676
618 660
618 660
618 660
618 660
618 660
619 660
619 660
619 660
619 660
619 660
620 660
620 660
620 660
620 660
620 660
621 677
621 677
621 677
621 677
621 677
622 676
622 676
622 676
622 676
622 676
623 660
623 660
623 660
623 660
623 660
624 676
624 676
624 676
624 676
624 676
625 660
625 660
625 660
625 660
625 660
626 677
626 677
626 677
626 677
626 677
627 660
627 660
627 660
627 660
627 660
628 660
628 660
628 660
628 660
628 660
629 660
629 660
629 660
629 660
629 660
630 660
630 660
630 660
630 660
630 660
631 660
631 660
631 660
631 660
631 660
632 660
632 660
632 660
632 660
632 660
633 660
633 660
633 660
633 660
633 660
634 660
634 660
634 660
634 660
634 660
635 677
635 677
635 677
635 677
635 677
636 677
636 677
636 677
636 677
636 677
637 687
637 687
637 687
637 687
637 687
638 660
638 660
638 660
638 660
638 660
639 660
639 660
639 660
639 660
639 660
640 660
640 660
640 660
640 660
640 660
641 700
641 700
641 700
641 700
641 700
642 700
642 700
642 700
642 700
642 700
643 700
643 700
643 700
643 700
643 700
644 700
644 700
644 700
644 700
644 700
645 700
645 700
645 700
645 700
645 700
646 682
646 682
646 682
646 682
646 682
647 700
647 700
647 700
647 700
647 700
648 700
648 700
648 700
648 700
648 700
649 700
649 700
649 700
649 700
649 700
650 711
650 711
650 711
650 711
650 711
651 700
651 700
651 700
651 700
651 700
652 700
652 700
652 700
652 700
652 700
653 700
653 700
653 700
653 700
653 700
654 700
654 700
654 700
654 700
654 700
655 700
655 700
655 700
655 700
655 700
656 700
656 700
656 700
656 700
656 700
657 700
657 700
657 700
657 700
657 700
658 712
658 712
658 712
658 712
658 712
659 700
659 700
659 700
659 700
659 700
660 711
660 711
660 711
660 711
660 711
661 700
661 700
661 700
661 700
661 700
662 711
662 711
662 711
662 711
662 711
663 700
663 700
663 700
663 700
663 700
664 700
664 700
664 700
664 700
664 700
665 700
665 700
665 700
665 700
665 700
666 700
666 700
666 700
666 700
666 700
667 700
667 700
667 700
667 700
667 700
668 700
668 700
668 700
668 700
668 700
669 700
669 700
669 700
669 700
669 700
670 700
670 700
670 700
670 700
670 700
671 700
671 700
671 700
671 700
671 700
672 711
672 711
672 711
672 711
672 711
673 700
673 700
673 700
673 700
673 700
674 700
674 700
674 700
674 700
674 700
675 718
675 718
675 718
675 718
675 718
676 700
676 700
676 700
676 700
676 700
677 700
677 700
677 700
677 700
677 700
678 700
678 700
678 700
678 700
678 700
679 751
679 751
679 751
679 751
679 751
680 723
680 723
680 723
680 723
680 723
681 751
681 751
681 751
681 751
681 751
682 718
682 718
682 718
682 718
682 718
683 751
683 751
683 751
683 751
683 751
684 751
684 751
684 751
684 751
684 751
685 740
685 740
685 740
685 740
685 740
686 751
686 751
686 751
686 751
686 751
687 751
687 751
687 751
687 751
687 751
688 751
688 751
688 751
688 751
688 751
689 751
689 751
689 751
689 751
689 751
690 751
690 751
690 751
690 751
690 751
691 750
691 750
691 750
691 750
691 750
692 751
692 751
692 751
692 751
692 751
693 751
693 751
693 751
693 751
693 751
694 751
694 751
694 751
694 751
694 751
695 751
695 751
695 751
695 751
695 751
696 751
696 751
696 751
696 751
696 751
697 751
697 751
697 751
697 751
697 751
698 751
698 751
698 751
698 751
698 751
699 755
699 755
699 755
699 755
699 755
700 751
700 751
700 751
700 751
700 751
701 751
701 751
701 751
701 751
701 751
702 751
702 751
702 751
702 751
702 751
703 751
703 751
703 751
703 751
703 751
704 751
704 751
704 751
704 751
704 751
705 755
705 755
705 755
705 755
705 755
706 751
706 751
706 751
706 751
706 751
707 751
707 751
707 751
707 751
707 751
708 755
708 755
708 755
708 755
708 755
709 751
709 751
709 751
709 751
709 751
710 751
710 751
710 751
710 751
710 751
711 751
711 751
711 751
711 751
711 751
712 755
712 755
712 755
712 755
712 755
713 750
713 750
713 750
713 750
713 750
714 785
714 785
714 785
714 785
714 785
715 1007
715 1007
715 1007
715 1007
715 1007
716 751
716 751
716 751
716 751
716 751
717 797
717 797
717 797
717 797
717 797
718 751
718 751
718 751
718 751
718 751
719 756
719 756
719 756
719 756
719 756
720 797
720 797
720 797
720 797
720 797
721 797
721 797
721 797
721 797
721 797
722 797
722 797
722 797
722 797
722 797
723 797
723 797
723 797
723 797
723 797
724 797
724 797
724 797
724 797
724 797
725 797
725 797
725 797
725 797
725 797
726 797
726 797
726 797
726 797
726 797
727 797
727 797
727 797
727 797
727 797
728 797
728 797
728 797
728 797
728 797
729 797
729 797
729 797
729 797
729 797
730 797
730 797
730 797
730 797
730 797
731 800
731 800
731 800
731 800
731 800
732 797
732 797
732 797
732 797
732 797
733 797
733 797
733 797
733 797
733 797
734 797
734 797
734 797
734 797
734 797
735 797
735 797
735 797
735 797
735 797
736 797
736 797
736 797
736 797
736 797
737 797
737 797
737 797
737 797
737 797
738 797
738 797
738 797
738 797
738 797
739 797
739 797
739 797
739 797
739 797
740 797
740 797
740 797
740 797
740 797
741 797
741 797
741 797
741 797
741 797
742 797
742 797
742 797
742 797
742 797
743 797
743 797
743 797
743 797
743 797
744 797
744 797
744 797
744 797
744 797
745 797
745 797
745 797
745 797
745 797
746 797
746 797
746 797
746 797
746 797
747 800
747 800
747 800
747 800
747 800
748 797
748 797
748 797
748 797
748 797
749 797
749 797
749 797
749 797
749 797
750 797
750 797
750 797
750 797
750 797
751 800
751 800
751 800
751 800
751 800
752 797
752 797
752 797
752 797
752 797
753 797
753 797
753 797
753 797
753 797
754 797
754 797
754 797
754 797
754 797
755 797
755 797
755 797
755 797
755 797
756 797
756 797
756 797
756 797
756 797
757 797
757 797
757 797
757 797
757 797
758 797
758 797
758 797
758 797
758 797
759 800
759 800
759 800
759 800
759 800
760 797
760 797
760 797
760 797
760 797
761 797
761 797
761 797
761 797
761 797
762 800
762 800
762 800
762 800
762 800
763 797
763 797
763 797
763 797
763 797
764 800
764 800
764 800
764 800
764 800
765 800
765 800
765 800
765 800
765 800
766 800
766 800
766 800
766 800
766 800
767 800
767 800
767 800
767 800
767 800
768 800
768 800
768 800
768 800
768 800
769 800
769 800
769 800
769 800
769 800
770 800
770 800
770 800
770 800
770 800
771 800
771 800
771 800
771 800
771 800
772 800
772 800
772 800
772 800
772 800
773 800
773 800
773 800
773 800
773 800
774 800
774 800
774 800
774 800
774 800
775 800
775 800
775 800
775 800
775 800
776 800
776 800
776 800
776 800
776 800
777 800
777 800
777 800
777 800
777 800
778 800
778 800
778 800
778 800
778 800
779 800
779 800
779 800
779 800
779 800
780 800
780 800
780 800
780 800
780 800
781 800
781 800
781 800
781 800
781 800
782 800
782 800
782 800
782 800
782 800
783 800
783 800
783 800
783 800
783 800
784 800
784 800
784 800
784 800
784 800
785 800
785 800
785 800
785 800
785 800
786 800
786 800
786 800
786 800
786 800
787 800
787 800
787 800
787 800
787 800
788 800
788 800
788 800
788 800
788 800
789 800
789 800
789 800
789 800
789 800
790 800
790 800
790 800
790 800
790 800
791 800
791 800
791 800
791 800
791 800
792 800
792 800
792 800
792 800
792 800
793 800
793 800
793 800
793 800
793 800
794 800
794 800
794 800
794 800
794 800
795 800
795 800
795 800
795 800
795 800
796 800
796 800
796 800
796 800
796 800
797 800
797 800
797 800
797 800
797 800
798 800
798 800
798 800
798 800
798 800
799 800
799 800
799 800
799 800
799 800
800 800
800 800
800 800
800 800
800 800
801 800
801 800
801 800
801 800
801 800
802 800
802 800
802 800
802 800
802 800
803 800
803 800
803 800
803 800
803 800
804 800
804 800
804 800
804 800
804 800
805 800
805 800
805 800
805 800
805 800
806 800
806 800
806 800
806 800
806 800
807 800
807 800
807 800
807 800
807 800
808 800
808 800
808 800
808 800
808 800
809 800
809 800
809 800
809 800
809 800
810 800
810 800
810 800
810 800
810 800
811 800
811 800
811 800
811 800
811 800
812 800
812 800
812 800
812 800
812 800
813 800
813 800
813 800
813 800
813 800
814 800
814 800
814 800
814 800
814 800
815 800
815 800
815 800
815 800
815 800
816 800
816 800
816 800
816 800
816 800
817 800
817 800
817 800
817 800
817 800
818 800
818 800
818 800
818 800
818 800
819 800
819 800
819 800
819 800
819 800
820 800
820 800
820 800
820 800
820 800
821 800
821 800
821 800
821 800
821 800
822 800
822 800
822 800
822 800
822 800
823 800
823 800
823 800
823 800
823 800
824 800
824 800
824 800
824 800
824 800
825 800
825 800
825 800
825 800
825 800
826 800
826 800
826 800
826 800
826 800
827 800
827 800
827 800
827 800
827 800
828 800
828 800
828 800
828 800
828 800
829 800
829 800
829 800
829 800
829 800
830 800
830 800
830 800
830 800
830 800
831 800
831 800
831 800
831 800
831 800
832 800
832 800
832 800
832 800
832 800
833 800
833 800
833 800
833 800
833 800
834 800
834 800
834 800
834 800
834 800
835 800
835 800
835 800
835 800
835 800
836 800
836 800
836 800
836 800
836 800
837 800
837 800
837 800
837 800
837 800
838 800
838 800
838 800
838 800
838 800
839 800
839 800
839 800
839 800
839 800
840 800
840 800
840 800
840 800
840 800
841 800
841 800
841 800
841 800
841 800
842 800
842 800
842 800
842 800
842 800
843 800
843 800
843 800
843 800
843 800
844 800
844 800
844 800
844 800
844 800
845 800
845 800
845 800
845 800
845 800
846 800
846 800
846 800
846 800
846 800
847 800
847 800
847 800
847 800
847 800
848 800
848 800
848 800
848 800
848 800
849 800
849 800
849 800
849 800
849 800
850 800
850 800
850 800
850 800
850 800
851 800
851 800
851 800
851 800
851 800
852 800
852 800
852 800
852 800
852 800
853 800
853 800
853 800
853 800
853 800
854 800
854 800
854 800
854 800
854 800
855 800
855 800
855 800
855 800
855 800
856 800
856 800
856 800
856 800
856 800
857 800
857 800
857 800
857 800
857 800
858 800
858 800
858 800
858 800
858 800
859 800
859 800
859 800
859 800
859 800
860 800
860 800
860 800
860 800
860 800
861 800
861 800
861 800
861 800
861 800
862 800
862 800
862 800
862 800
862 800
863 800
863 800
863 800
863 800
863 800
864 800
864 800
864 800
864 800
864 800
865 800
865 800
865 800
865 800
865 800
866 800
866 800
866 800
866 800
866 800
867 800
867 800
867 800
867 800
867 800
868 800
868 800
868 800
868 800
868 800
869 800
869 800
869 800
869 800
869 800
870 800
870 800
870 800
870 800
870 800
871 800
871 800
871 800
871 800
871 800
872 800
872 800
872 800
872 800
872 800
873 800
873 800
873 800
873 800
873 800
874 800
874 800
874 800
874 800
874 800
875 800
875 800
875 800
875 800
875 800
876 800
876 800
876 800
876 800
876 800
877 800
877 800
877 800
877 800
877 800
878 800
878 800
878 800
878 800
878 800
879 800
879 800
879 800
879 800
879 800
880 800
880 800
880 800
880 800
880 800
881 800
881 800
881 800
881 800
881 800
882 800
882 800
882 800
882 800
882 800
883 800
883 800
883 800
883 800
883 800
884 800
884 800
884 800
884 800
884 800
