(round 2: sensor in upward position, starting at 324mm from wall)
324 321
324 321
324 321
324 321
324 321
325 319
325 319
325 319
325 319
325 319
326 319
326 319
326 319
326 319
326 319
327 319
327 319
327 319
327 319
327 319
328 324
328 324
328 324
328 324
328 324
329 330
329 330
329 330
329 330
329 330
330 324
330 324
330 324
330 324
330 324
331 330
331 330
331 330
331 330
331 330
332 330
332 330
332 330
332 330
332 330
333 330
333 330
333 330
333 330
333 330
334 324
334 324
334 324
334 324
334 324
335 324
335 324
335 324
335 324
335 324
336 331
336 331
336 331
336 331
336 331
337 336
337 336
337 336
337 336
337 336
338 336
338 336
338 336
338 336
338 336
339 336
339 336
339 336
339 336
339 336
340 336
340 336
340 336
340 336
340 336
341 334
341 334
341 334
341 334
341 334
342 336
342 336
342 336
342 336
342 336
343 336
343 336
343 336
343 336
343 336
344 344
344 344
344 344
344 344
344 344
345 345
345 345
345 345
345 345
345 345
346 344
346 344
346 344
346 344
346 344
347 344
347 344
347 344
347 344
347 344
348 342
348 342
348 342
348 342
348 342
349 342
349 342
349 342
349 342
349 342
350 344
350 344
350 344
350 344
350 344
351 342
351 342
351 342
351 342
351 342
352 350
352 350
352 350
352 350
352 350
353 350
353 350
353 350
353 350
353 350
354 350
354 350
354 350
354 350
354 350
355 348
355 348
355 348
355 348
355 348
356 350
356 350
356 350
356 350
356 350
357 350
357 350
357 350
357 350
357 350
358 350
358 350
358 350
358 350
358 350
359 350
359 350
359 350
359 350
359 350
360 358
360 358
360 358
360 358
360 358
361 359
361 359
361 359
361 359
361 359
362 366
362 366
362 366
362 366
362 366
363 359
363 359
363 359
363 359
363 359
364 359
364 359
364 359
364 359
364 359
365 359
365 359
365 359
365 359
365 359
366 359
366 359
366 359
366 359
366 359
367 359
367 359
367 359
367 359
367 359
368 359
368 359
368 359
368 359
368 359
369 359
369 359
369 359
369 359
369 359
370 359
370 359
370 359
370 359
370 359
371 369
371 369
371 369
371 369
371 369
372 369
372 369
372 369
372 369
372 369
373 369
373 369
373 369
373 369
373 369
374 369
374 369
374 369
374 369
374 369
375 369
375 369
375 369
375 369
375 369
376 369
376 369
376 369
376 369
376 369
377 369
377 369
377 369
377 369
377 369
378 375
378 375
378 375
378 375
378 375
379 378
379 378
379 378
379 378
379 378
380 378
380 378
380 378
380 378
380 378
381 378
381 378
381 378
381 378
381 378
382 378
382 378
382 378
382 378
382 378
383 378
383 378
383 378
383 378
383 378
384 378
384 378
384 378
384 378
384 378
385 378
385 378
385 378
385 378
385 378
386 378
386 378
386 378
386 378
386 378
387 378
387 378
387 378
387 378
387 378
388 379
388 379
388 379
388 379
388 379
389 388
389 388
389 388
389 388
389 388
390 388
390 388
390 388
390 388
390 388
391 392
391 392
391 392
391 392
391 392
392 388
392 388
392 388
392 388
392 388
393 388
393 388
393 388
393 388
393 388
394 388
394 388
394 388
394 388
394 388
395 388
395 388
395 388
395 388
395 388
396 388
396 388
396 388
396 388
396 388
397 388
397 388
397 388
397 388
397 388
398 388
398 388
398 388
398 388
398 388
399 388
399 388
399 388
399 388
399 388
400 388
400 388
400 388
400 388
400 388
401 402
401 402
401 402
401 402
401 402
402 402
402 402
402 402
402 402
402 402
403 399
403 399
403 399
403 399
403 399
404 399
404 399
404 399
404 399
404 399
405 402
405 402
405 402
405 402
405 402
406 399
406 399
406 399
406 399
406 399
407 399
407 399
407 399
407 399
407 399
408 402
408 402
408 402
408 402
408 402
409 399
409 399
409 399
409 399
409 399
410 402
410 402
410 402
410 402
410 402
411 399
411 399
411 399
411 399
411 399
412 412
412 412
412 412
412 412
412 412
413 414
413 414
413 414
413 414
413 414
414 414
414 414
414 414
414 414
414 414
415 414
415 414
415 414
415 414
415 414
416 412
416 412
416 412
416 412
416 412
417 412
417 412
417 412
417 412
417 412
418 412
418 412
418 412
418 412
418 412
419 414
419 414
419 414
419 414
419 414
420 412
420 412
420 412
420 412
420 412
421 414
421 414
421 414
421 414
421 414
422 414
422 414
422 414
422 414
422 414
423 412
423 412
423 412
423 412
423 412
424 414
424 414
424 414
424 414
424 414
425 418
425 418
425 418
425 418
425 418
426 424
426 424
426 424
426 424
426 424
427 424
427 424
427 424
427 424
427 424
428 430
428 430
428 430
428 430
428 430
429 424
429 424
429 424
429 424
429 424
430 430
430 430
430 430
430 430
430 430
431 424
431 424
431 424
431 424
431 424
432 424
432 424
432 424
432 424
432 424
433 424
433 424
433 424
433 424
433 424
434 424
434 424
434 424
434 424
434 424
435 424
435 424
435 424
435 424
435 424
436 424
436 424
436 424
436 424
436 424
437 424
437 424
437 424
437 424
437 424
438 450
438 450
438 450
438 450
438 450
439 450
439 450
439 450
439 450
439 450
440 450
440 450
440 450
440 450
440 450
441 450
441 450
441 450
441 450
441 450
442 450
442 450
442 450
442 450
442 450
443 450
443 450
443 450
443 450
443 450
444 450
444 450
444 450
444 450
444 450
445 450
445 450
445 450
445 450
445 450
446 440
446 440
446 440
446 440
446 440
447 450
447 450
447 450
447 450
447 450
448 450
448 450
448 450
448 450
448 450
449 450
449 450
449 450
449 450
449 450
450 450
450 450
450 450
450 450
450 450
451 452
451 452
451 452
451 452
451 452
452 440
452 440
452 440
452 440
452 440
453 461
453 461
453 461
453 461
453 461
454 461
454 461
454 461
454 461
454 461
455 461
455 461
455 461
455 461
455 461
456 461
456 461
456 461
456 461
456 461
457 461
457 461
457 461
457 461
457 461
458 461
458 461
458 461
458 461
458 461
459 461
459 461
459 461
459 461
459 461
460 461
460 461
460 461
460 461
460 461
461 461
461 461
461 461
461 461
461 461
462 461
462 461
462 461
462 461
462 461
463 461
463 461
463 461
463 461
463 461
464 461
464 461
464 461
464 461
464 461
465 461
465 461
465 461
465 461
465 461
466 465
466 465
466 465
466 465
466 465
467 461
467 461
467 461
467 461
467 461
468 480
468 480
468 480
468 480
468 480
469 465
469 465
469 465
469 465
469 465
470 480
470 480
470 480
470 480
470 480
471 480
471 480
471 480
471 480
471 480
472 480
472 480
472 480
472 480
472 480
473 480
473 480
473 480
473 480
473 480
474 480
474 480
474 480
474 480
474 480
475 481
475 481
475 481
475 481
475 481
476 480
476 480
476 480
476 480
476 480
477 481
477 481
477 481
477 481
477 481
478 480
478 480
478 480
478 480
478 480
479 480
479 480
479 480
479 480
479 480
480 480
480 480
480 480
480 480
480 480
481 480
481 480
481 480
481 480
481 480
482 480
482 480
482 480
482 480
482 480
483 480
483 480
483 480
483 480
483 480
484 497
484 497
484 497
484 497
484 497
485 481
485 481
485 481
485 481
485 481
486 499
486 499
486 499
486 499
486 499
487 497
487 497
487 497
487 497
487 497
488 497
488 497
488 497
488 497
488 497
489 497
489 497
489 497
489 497
489 497
490 499
490 499
490 499
490 499
490 499
491 497
491 497
491 497
491 497
491 497
492 497
492 497
492 497
492 497
492 497
493 497
493 497
493 497
493 497
493 497
494 497
494 497
494 497
494 497
494 497
495 499
495 499
495 499
495 499
495 499
496 497
496 497
496 497
496 497
496 497
497 497
497 497
497 497
497 497
497 497
498 497
498 497
498 497
498 497
498 497
499 497
499 497
499 497
499 497
499 497
500 497
500 497
500 497
500 497
500 497
501 497
501 497
501 497
501 497
501 497
502 497
502 497
502 497
502 497
502 497
503 516
503 516
503 516
503 516
503 516
504 503
504 503
504 503
504 503
504 503
505 503
505 503
505 503
505 503
505 503
506 516
506 516
506 516
506 516
506 516
507 516
507 516
507 516
507 516
507 516
508 520
508 520
508 520
508 520
508 520
509 516
509 516
509 516
509 516
509 516
510 516
510 516
510 516
510 516
510 516
511 516
511 516
511 516
511 516
511 516
512 516
512 516
512 516
512 516
512 516
513 516
513 516
513 516
513 516
513 516
514 516
514 516
514 516
514 516
514 516
515 516
515 516
515 516
515 516
515 516
516 516
516 516
516 516
516 516
516 516
517 516
517 516
517 516
517 516
517 516
518 516
518 516
518 516
518 516
518 516
519 516
519 516
519 516
519 516
519 516
520 520
520 520
520 520
520 520
520 520
521 516
521 516
521 516
521 516
521 516
522 525
522 525
522 525
522 525
522 525
523 525
523 525
523 525
523 525
523 525
524 525
524 525
524 525
524 525
524 525
525 536
525 536
525 536
525 536
525 536
526 525
526 525
526 525
526 525
526 525
527 525
527 525
527 525
527 525
527 525
528 525
528 525
528 525
528 525
528 525
529 525
529 525
529 525
529 525
529 525
530 525
530 525
530 525
530 525
530 525
531 525
531 525
531 525
531 525
531 525
532 536
532 536
532 536
532 536
532 536
533 525
533 525
533 525
533 525
533 525
534 525
534 525
534 525
534 525
534 525
535 536
535 536
535 536
535 536
535 536
536 525
536 525
536 525
536 525
536 525
537 536
537 536
537 536
537 536
537 536
538 525
538 525
538 525
538 525
538 525
539 525
539 525
539 525
539 525
539 525
540 525
540 525
540 525
540 525
540 525
541 536
541 536
541 536
541 536
541 536
542 536
542 536
542 536
542 536
542 536
543 550
543 550
543 550
543 550
543 550
544 550
544 550
544 550
544 550
544 550
545 544
545 544
545 544
545 544
545 544
546 544
546 544
546 544
546 544
546 544
547 544
547 544
547 544
547 544
547 544
548 550
548 550
548 550
548 550
548 550
549 550
549 550
549 550
549 550
549 550
550 544
550 544
550 544
550 544
550 544
551 550
551 550
551 550
551 550
551 550
552 544
552 544
552 544
552 544
552 544
553 544
553 544
553 544
553 544
553 544
554 544
554 544
554 544
554 544
554 544
555 550
555 550
555 550
555 550
555 550
556 544
556 544
556 544
556 544
556 544
557 544
557 544
557 544
557 544
557 544
558 550
558 550
558 550
558 550
558 550
559 550
559 550
559 550
559 550
559 550
560 544
560 544
560 544
560 544
560 544
561 560
561 560
561 560
561 560
561 560
562 550
562 550
562 550
562 550
562 550
563 566
563 566
563 566
563 566
563 566
564 568
564 568
564 568
564 568
564 568
565 566
565 566
565 566
565 566
565 566
566 563
566 563
566 563
566 563
566 563
567 566
567 566
567 566
567 566
567 566
568 566
568 566
568 566
568 566
568 566
569 569
569 569
569 569
569 569
569 569
570 566
570 566
570 566
570 566
570 566
571 569
571 569
571 569
571 569
571 569
572 569
572 569
572 569
572 569
572 569
573 569
573 569
573 569
573 569
573 569
574 569
574 569
574 569
574 569
574 569
575 569
575 569
575 569
575 569
575 569
576 569
576 569
576 569
576 569
576 569
577 568
577 568
577 568
577 568
577 568
578 569
578 569
578 569
578 569
578 569
579 573
579 573
579 573
579 573
579 573
580 569
580 569
580 569
580 569
580 569
581 569
581 569
581 569
581 569
581 569
582 569
582 569
582 569
582 569
582 569
583 566
583 566
583 566
583 566
583 566
584 566
584 566
584 566
584 566
584 566
585 569
585 569
585 569
585 569
585 569
586 566
586 566
586 566
586 566
586 566
587 588
587 588
587 588
587 588
587 588
588 602
588 602
588 602
588 602
588 602
589 602
589 602
589 602
589 602
589 602
590 602
590 602
590 602
590 602
590 602
591 602
591 602
591 602
591 602
591 602
592 602
592 602
592 602
592 602
592 602
593 602
593 602
593 602
593 602
593 602
594 602
594 602
594 602
594 602
594 602
595 602
595 602
595 602
595 602
595 602
596 602
596 602
596 602
596 602
596 602
597 602
597 602
597 602
597 602
597 602
598 602
598 602
598 602
598 602
598 602
599 602
599 602
599 602
599 602
599 602
600 602
600 602
600 602
600 602
600 602
601 602
601 602
601 602
601 602
601 602
602 602
602 602
602 602
602 602
602 602
603 602
603 602
603 602
603 602
603 602
604 602
604 602
604 602
604 602
604 602
605 602
605 602
605 602
605 602
605 602
606 602
606 602
606 602
606 602
606 602
607 602
607 602
607 602
607 602
607 602
608 602
608 602
608 602
608 602
608 602
609 602
609 602
609 602
609 602
609 602
610 602
610 602
610 602
610 602
610 602
611 602
611 602
611 602
611 602
611 602
612 611
612 611
612 611
612 611
612 611
613 615
613 615
613 615
613 615
613 615
614 602
614 602
614 602
614 602
614 602
615 611
615 611
615 611
615 611
615 611
616 630
616 630
616 630
616 630
616 630
617 638
617 638
617 638
617 638
617 638
618 630
618 630
618 630
618 630
618 630
619 630
619 630
619 630
619 630
619 630
620 630
620 630
620 630
620 630
620 630
621 630
621 630
621 630
621 630
621 630
622 630
622 630
622 630
622 630
622 630
623 638
623 638
623 638
623 638
623 638
624 630
624 630
624 630
624 630
624 630
625 630
625 630
625 630
625 630
625 630
626 638
626 638
626 638
626 638
626 638
627 630
627 630
627 630
627 630
627 630
628 630
628 630
628 630
628 630
628 630
629 630
629 630
629 630
629 630
629 630
630 630
630 630
630 630
630 630
630 630
631 630
631 630
631 630
631 630
631 630
632 630
632 630
632 630
632 630
632 630
633 630
633 630
633 630
633 630
633 630
634 630
634 630
634 630
634 630
634 630
635 630
635 630
635 630
635 630
635 630
636 630
636 630
636 630
636 630
636 630
637 630
637 630
637 630
637 630
637 630
638 630
638 630
638 630
638 630
638 630
639 630
639 630
639 630
639 630
639 630
640 630
640 630
640 630
640 630
640 630
641 630
641 630
641 630
641 630
641 630
642 630
642 630
642 630
642 630
642 630
643 630
643 630
643 630
643 630
643 630
644 646
644 646
644 646
644 646
644 646
645 660
645 660
645 660
645 660
645 660
646 660
646 660
646 660
646 660
646 660
647 649
647 649
647 649
647 649
647 649
648 660
648 660
648 660
648 660
648 660
649 660
649 660
649 660
649 660
649 660
650 660
650 660
650 660
650 660
650 660
651 676
651 676
651 676
651 676
651 676
652 676
652 676
652 676
652 676
652 676
653 660
653 660
653 660
653 660
653 660
654 676
654 676
654 676
654 676
654 676
655 660
655 660
655 660
655 660
655 660
656 677
656 677
656 677
656 677
656 677
657 660
657 660
657 660
657 660
657 660
658 660
658 660
658 660
658 660
658 660
659 660
659 660
659 660
659 660
659 660
660 660
660 660
660 660
660 660
660 660
661 660
661 660
661 660
661 660
661 660
662 677
662 677
662 677
662 677
662 677
663 660
663 660
663 660
663 660
663 660
664 660
664 660
664 660
664 660
664 660
665 660
665 660
665 660
665 660
665 660
666 660
666 660
666 660
666 660
666 660
667 660
667 660
667 660
667 660
667 660
668 660
668 660
668 660
668 660
668 660
669 677
669 677
669 677
669 677
669 677
670 660
670 660
670 660
670 660
670 660
671 660
671 660
671 660
671 660
671 660
672 660
672 660
672 660
672 660
672 660
673 660
673 660
673 660
673 660
673 660
674 686
674 686
674 686
674 686
674 686
675 660
675 660
675 660
675 660
675 660
676 700
676 700
676 700
676 700
676 700
677 700
677 700
677 700
677 700
677 700
678 700
678 700
678 700
678 700
678 700
679 700
679 700
679 700
679 700
679 700
680 700
680 700
680 700
680 700
680 700
681 700
681 700
681 700
681 700
681 700
682 711
682 711
682 711
682 711
682 711
683 700
683 700
683 700
683 700
683 700
