(Round 1: sensor in upward pos, starting at 526mm from wall)
526 566
526 566
526 566
526 566
526 566
527 568
527 568
527 568
527 568
527 568
528 566
528 566
528 566
528 566
528 566
529 566
529 566
529 566
529 566
529 566
530 566
530 566
530 566
530 566
530 566
531 566
531 566
531 566
531 566
531 566
532 569
532 569
532 569
532 569
532 569
533 566
533 566
533 566
533 566
533 566
534 568
534 568
534 568
534 568
534 568
535 569
535 569
535 569
535 569
535 569
536 566
536 566
536 566
536 566
536 566
537 568
537 568
537 568
537 568
537 568
538 566
538 566
538 566
538 566
538 566
539 602
539 602
539 602
539 602
539 602
540 602
540 602
540 602
540 602
540 602
541 602
541 602
541 602
541 602
541 602
542 602
542 602
542 602
542 602
542 602
543 602
543 602
543 602
543 602
543 602
544 602
544 602
544 602
544 602
544 602
545 602
545 602
545 602
545 602
545 602
546 602
546 602
546 602
546 602
546 602
547 602
547 602
547 602
547 602
547 602
548 602
548 602
548 602
548 602
548 602
549 602
549 602
549 602
549 602
549 602
550 602
550 602
550 602
550 602
550 602
551 602
551 602
551 602
551 602
551 602
552 602
552 602
552 602
552 602
552 602
553 602
553 602
553 602
553 602
553 602
554 602
554 602
554 602
554 602
554 602
555 602
555 602
555 602
555 602
555 602
556 602
556 602
556 602
556 602
556 602
557 602
557 602
557 602
557 602
557 602
558 602
558 602
558 602
558 602
558 602
559 602
559 602
559 602
559 602
559 602
560 620
560 620
560 620
560 620
560 620
561 630
561 630
561 630
561 630
561 630
562 630
562 630
562 630
562 630
562 630
563 630
563 630
563 630
563 630
563 630
564 630
564 630
564 630
564 630
564 630
565 630
565 630
565 630
565 630
565 630
566 630
566 630
566 630
566 630
566 630
567 630
567 630
567 630
567 630
567 630
568 630
568 630
568 630
568 630
568 630
569 630
569 630
569 630
569 630
569 630
570 630
570 630
570 630
570 630
570 630
571 630
571 630
571 630
571 630
571 630
572 630
572 630
572 630
572 630
572 630
573 630
573 630
573 630
573 630
573 630
574 630
574 630
574 630
574 630
574 630
575 630
575 630
575 630
575 630
575 630
576 638
576 638
576 638
576 638
576 638
577 630
577 630
577 630
577 630
577 630
578 630
578 630
578 630
578 630
578 630
579 638
579 638
579 638
579 638
579 638
580 630
580 630
580 630
580 630
580 630
581 630
581 630
581 630
581 630
581 630
582 638
582 638
582 638
582 638
582 638
583 630
583 630
583 630
583 630
583 630
584 660
584 660
584 660
584 660
584 660
585 660
585 660
585 660
585 660
585 660
586 676
586 676
586 676
586 676
586 676
587 660
587 660
587 660
587 660
587 660
588 660
588 660
588 660
588 660
588 660
589 660
589 660
589 660
589 660
589 660
590 660
590 660
590 660
590 660
590 660
591 660
591 660
591 660
591 660
591 660
592 676
592 676
592 676
592 676
592 676
593 660
593 660
593 660
593 660
593 660
594 660
594 660
594 660
594 660
594 660
595 660
595 660
595 660
595 660
595 660
596 660
596 660
596 660
596 660
596 660
597 660
597 660
597 660
597 660
597 660
598 660
598 660
598 660
598 660
598 660
599 660
599 660
599 660
599 660
599 660
600 660
600 660
600 660
600 660
600 660
601 660
601 660
601 660
601 660
601 660
602 676
602 676
602 676
602 676
602 676
603 660
603 660
603 660
603 660
603 660
604 660
604 660
604 660
604 660
604 660
605 676
605 676
605 676
605 676
605 676
606 660
606 660
606 660
606 660
606 660
607 660
607 660
607 660
607 660
607 660
608 660
608 660
608 660
608 660
608 660
609 660
609 660
609 660
609 660
609 660
610 660
610 660
610 660
610 660
610 660
611 682
611 682
611 682
611 682
611 682
612 677
612 677
612 677
612 677
612 677
613 700
613 700
613 700
613 700
613 700
614 700
614 700
614 700
614 700
614 700
615 711
615 711
615 711
615 711
615 711
616 700
616 700
616 700
616 700
616 700
617 700
617 700
617 700
617 700
617 700
618 700
618 700
618 700
618 700
618 700
619 700
619 700
619 700
619 700
619 700
620 700
620 700
620 700
620 700
620 700
621 711
621 711
621 711
621 711
621 711
622 700
622 700
622 700
622 700
622 700
623 700
623 700
623 700
623 700
623 700
624 700
624 700
624 700
624 700
624 700
625 700
625 700
625 700
625 700
625 700
626 700
626 700
626 700
626 700
626 700
627 700
627 700
627 700
627 700
627 700
628 711
628 711
628 711
628 711
628 711
629 700
629 700
629 700
629 700
629 700
630 700
630 700
630 700
630 700
630 700
631 700
631 700
631 700
631 700
631 700
632 700
632 700
632 700
632 700
632 700
633 700
633 700
633 700
633 700
633 700
634 700
634 700
634 700
634 700
634 700
635 711
635 711
635 711
635 711
635 711
636 700
636 700
636 700
636 700
636 700
637 711
637 711
637 711
637 711
637 711
638 700
638 700
638 700
638 700
638 700
639 751
639 751
639 751
639 751
639 751
640 755
640 755
640 755
640 755
640 755
641 751
641 751
641 751
641 751
641 751
642 755
642 755
642 755
642 755
642 755
643 751
643 751
643 751
643 751
643 751
644 751
644 751
644 751
644 751
644 751
645 751
645 751
645 751
645 751
645 751
646 751
646 751
646 751
646 751
646 751
647 751
647 751
647 751
647 751
647 751
648 750
648 750
648 750
648 750
648 750
649 751
649 751
649 751
649 751
649 751
650 751
650 751
650 751
650 751
650 751
651 751
651 751
651 751
651 751
651 751
652 751
652 751
652 751
652 751
652 751
653 751
653 751
653 751
653 751
653 751
654 751
654 751
654 751
654 751
654 751
655 751
655 751
655 751
655 751
655 751
656 751
656 751
656 751
656 751
656 751
657 740
657 740
657 740
657 740
657 740
658 751
658 751
658 751
658 751
658 751
659 751
659 751
659 751
659 751
659 751
660 751
660 751
660 751
660 751
660 751
661 751
661 751
661 751
661 751
661 751
662 751
662 751
662 751
662 751
662 751
663 755
663 755
663 755
663 755
663 755
664 751
664 751
664 751
664 751
664 751
665 751
665 751
665 751
665 751
665 751
666 740
666 740
666 740
666 740
666 740
667 751
667 751
667 751
667 751
667 751
668 756
668 756
668 756
668 756
668 756
669 785
669 785
669 785
669 785
669 785
670 751
670 751
670 751
670 751
670 751
671 751
671 751
671 751
671 751
671 751
672 751
672 751
672 751
672 751
672 751
673 800
673 800
673 800
673 800
673 800
674 797
674 797
674 797
674 797
674 797
675 751
675 751
675 751
675 751
675 751
676 797
676 797
676 797
676 797
676 797
677 797
677 797
677 797
677 797
677 797
678 797
678 797
678 797
678 797
678 797
679 797
679 797
679 797
679 797
679 797
680 797
680 797
680 797
680 797
680 797
681 797
681 797
681 797
681 797
681 797
682 797
682 797
682 797
682 797
682 797
683 797
683 797
683 797
683 797
683 797
684 797
684 797
684 797
684 797
684 797
685 797
685 797
685 797
685 797
685 797
686 797
686 797
686 797
686 797
686 797
687 797
687 797
687 797
687 797
687 797
688 797
688 797
688 797
688 797
688 797
689 797
689 797
689 797
689 797
689 797
690 797
690 797
690 797
690 797
690 797
691 797
691 797
691 797
691 797
691 797
692 797
692 797
692 797
692 797
692 797
693 797
693 797
693 797
693 797
693 797
694 797
694 797
694 797
694 797
694 797
695 797
695 797
695 797
695 797
695 797
696 797
696 797
696 797
696 797
696 797
697 797
697 797
697 797
697 797
697 797
698 797
698 797
698 797
698 797
698 797
699 797
699 797
699 797
699 797
699 797
700 797
700 797
700 797
700 797
700 797
701 797
701 797
701 797
701 797
701 797
702 800
702 800
702 800
702 800
702 800
703 797
703 797
703 797
703 797
703 797
704 797
704 797
704 797
704 797
704 797
705 797
705 797
705 797
705 797
705 797
706 797
706 797
706 797
706 797
706 797
707 800
707 800
707 800
707 800
707 800
708 800
708 800
708 800
708 800
708 800
709 800
709 800
709 800
709 800
709 800
710 800
710 800
710 800
710 800
710 800
711 797
711 797
711 797
711 797
711 797
712 800
712 800
712 800
712 800
712 800
713 797
713 797
713 797
713 797
713 797
714 800
714 800
714 800
714 800
714 800
715 800
715 800
715 800
715 800
715 800
716 800
716 800
716 800
716 800
716 800
717 800
717 800
717 800
717 800
717 800
718 800
718 800
718 800
718 800
718 800
719 800
719 800
719 800
719 800
719 800
720 800
720 800
720 800
720 800
720 800
721 800
721 800
721 800
721 800
721 800
722 800
722 800
722 800
722 800
722 800
723 800
723 800
723 800
723 800
723 800
724 800
724 800
724 800
724 800
724 800
725 800
725 800
725 800
725 800
725 800
726 800
726 800
726 800
726 800
726 800
727 800
727 800
727 800
727 800
727 800
728 800
728 800
728 800
728 800
728 800
729 800
729 800
729 800
729 800
729 800
730 800
730 800
730 800
730 800
730 800
731 800
731 800
731 800
731 800
731 800
732 800
732 800
732 800
732 800
732 800
733 800
733 800
733 800
733 800
733 800
734 800
734 800
734 800
734 800
734 800
735 800
735 800
735 800
735 800
735 800
736 800
736 800
736 800
736 800
736 800
737 800
737 800
737 800
737 800
737 800
738 800
738 800
738 800
738 800
738 800
739 800
739 800
739 800
739 800
739 800
740 800
740 800
740 800
740 800
740 800
741 800
741 800
741 800
741 800
741 800
742 800
742 800
742 800
742 800
742 800
743 800
743 800
743 800
743 800
743 800
744 800
744 800
744 800
744 800
744 800
745 800
745 800
745 800
745 800
745 800
746 800
746 800
746 800
746 800
746 800
747 800
747 800
747 800
747 800
747 800
748 800
748 800
748 800
748 800
748 800
749 800
749 800
749 800
749 800
749 800
750 800
750 800
750 800
750 800
750 800
751 800
751 800
751 800
751 800
751 800
752 800
752 800
752 800
752 800
752 800
753 800
753 800
753 800
753 800
753 800
754 800
754 800
754 800
754 800
754 800
755 800
755 800
755 800
755 800
755 800
756 800
756 800
756 800
756 800
756 800
757 800
757 800
757 800
757 800
757 800
758 800
758 800
758 800
758 800
758 800
759 800
759 800
759 800
759 800
759 800
760 800
760 800
760 800
760 800
760 800
761 800
761 800
761 800
761 800
761 800
762 800
762 800
762 800
762 800
762 800
763 800
763 800
763 800
763 800
763 800
764 800
764 800
764 800
764 800
764 800
765 800
765 800
765 800
765 800
765 800
766 800
766 800
766 800
766 800
766 800
767 800
767 800
767 800
767 800
767 800
768 800
768 800
768 800
768 800
768 800
769 800
769 800
769 800
769 800
769 800
770 800
770 800
770 800
770 800
770 800
771 800
771 800
771 800
771 800
771 800
772 800
772 800
772 800
772 800
772 800
773 800
773 800
773 800
773 800
773 800
774 800
774 800
774 800
774 800
774 800
775 800
775 800
775 800
775 800
775 800
776 800
776 800
776 800
776 800
776 800
777 800
777 800
777 800
777 800
777 800
778 800
778 800
778 800
778 800
778 800
779 800
779 800
779 800
779 800
779 800
780 800
780 800
780 800
780 800
780 800
781 800
781 800
781 800
781 800
781 800
782 800
782 800
782 800
782 800
782 800
783 800
783 800
783 800
783 800
783 800
784 800
784 800
784 800
784 800
784 800
785 800
785 800
785 800
785 800
785 800
786 800
786 800
786 800
786 800
786 800
787 800
787 800
787 800
787 800
787 800
788 800
788 800
788 800
788 800
788 800
789 800
789 800
789 800
789 800
789 800
790 800
790 800
790 800
790 800
790 800
791 800
791 800
791 800
791 800
791 800
792 800
792 800
792 800
792 800
792 800
793 800
793 800
793 800
793 800
793 800
794 800
794 800
794 800
794 800
794 800
795 800
795 800
795 800
795 800
795 800
796 800
796 800
796 800
796 800
796 800
797 800
797 800
797 800
797 800
797 800
798 800
798 800
798 800
798 800
798 800
799 800
799 800
799 800
799 800
799 800
800 800
800 800
800 800
800 800
800 800
801 800
801 800
801 800
801 800
801 800
802 800
802 800
802 800
802 800
802 800
803 800
803 800
803 800
803 800
803 800
804 800
804 800
804 800
804 800
804 800
805 800
805 800
805 800
805 800
805 800
806 800
806 800
806 800
806 800
806 800
807 800
807 800
807 800
807 800
807 800
808 800
808 800
808 800
808 800
808 800
809 800
809 800
809 800
809 800
809 800
810 800
810 800
810 800
810 800
810 800
811 800
811 800
811 800
811 800
811 800
812 800
812 800
812 800
812 800
812 800
813 800
813 800
813 800
813 800
813 800
814 800
814 800
814 800
814 800
814 800
815 800
815 800
815 800
815 800
815 800
816 800
816 800
816 800
816 800
816 800
817 800
817 800
817 800
817 800
817 800
818 800
818 800
818 800
818 800
818 800
819 800
819 800
819 800
819 800
819 800
820 800
820 800
820 800
820 800
820 800
821 800
821 800
821 800
821 800
821 800
822 800
822 800
822 800
822 800
822 800
823 800
823 800
823 800
823 800
823 800
824 800
824 800
824 800
824 800
824 800
825 800
825 800
825 800
825 800
825 800
826 800
826 800
826 800
826 800
826 800
827 800
827 800
827 800
827 800
827 800
828 800
828 800
828 800
828 800
828 800
829 800
829 800
829 800
829 800
829 800
830 800
830 800
830 800
830 800
830 800
831 800
831 800
831 800
831 800
831 800
832 800
832 800
832 800
832 800
832 800
833 800
833 800
833 800
833 800
833 800
834 800
834 800
834 800
834 800
834 800
835 800
835 800
835 800
835 800
835 800
836 800
836 800
836 800
836 800
836 800
837 800
837 800
837 800
837 800
837 800
838 800
838 800
838 800
838 800
838 800
839 800
839 800
839 800
839 800
839 800
840 800
840 800
840 800
840 800
840 800
841 800
841 800
841 800
841 800
841 800
842 800
842 800
842 800
842 800
842 800
843 800
843 800
843 800
843 800
843 800
844 800
844 800
844 800
844 800
844 800
845 800
845 800
845 800
845 800
845 800
846 800
846 800
846 800
846 800
846 800
847 800
847 800
847 800
847 800
847 800
848 800
848 800
848 800
848 800
848 800
849 800
849 800
849 800
849 800
849 800
850 800
850 800
850 800
850 800
850 800
851 800
851 800
851 800
851 800
851 800
852 800
852 800
852 800
852 800
852 800
853 800
853 800
853 800
853 800
853 800
854 800
854 800
854 800
854 800
854 800
855 800
855 800
855 800
855 800
855 800
856 800
856 800
856 800
856 800
856 800
857 800
857 800
857 800
857 800
857 800
858 800
858 800
858 800
858 800
858 800
859 800
859 800
859 800
859 800
859 800
860 800
860 800
860 800
860 800
860 800
861 800
861 800
861 800
861 800
861 800
862 800
862 800
862 800
862 800
862 800
863 800
863 800
863 800
863 800
863 800
864 800
864 800
864 800
864 800
864 800
865 800
865 800
865 800
865 800
865 800
866 800
866 800
866 800
866 800
866 800
867 800
867 800
867 800
867 800
867 800
868 800
868 800
868 800
868 800
868 800
869 800
869 800
869 800
869 800
869 800
870 800
870 800
870 800
870 800
870 800
871 800
871 800
871 800
871 800
871 800
872 800
872 800
872 800
872 800
872 800
873 800
873 800
873 800
873 800
873 800
874 800
874 800
874 800
874 800
874 800
875 800
875 800
875 800
875 800
875 800
876 800
876 800
876 800
876 800
876 800
877 800
877 800
877 800
877 800
877 800
878 800
878 800
878 800
878 800
878 800
879 800
879 800
879 800
879 800
879 800
880 800
880 800
880 800
880 800
880 800
881 800
881 800
881 800
881 800
881 800
882 800
882 800
882 800
882 800
882 800
883 800
883 800
883 800
883 800
883 800
884 800
884 800
884 800
884 800
884 800
885 800
885 800
885 800
885 800
885 800
