(Round 2: sensor in upward pos, starting at 526mm from wall)
526 566
526 566
526 566
526 566
526 566
527 568
527 568
527 568
527 568
527 568
528 566
528 566
528 566
528 566
528 566
529 568
529 568
529 568
529 568
529 568
530 568
530 568
530 568
530 568
530 568
531 566
531 566
531 566
531 566
531 566
532 568
532 568
532 568
532 568
532 568
533 568
533 568
533 568
533 568
533 568
534 568
534 568
534 568
534 568
534 568
535 568
535 568
535 568
535 568
535 568
536 568
536 568
536 568
536 568
536 568
537 566
537 566
537 566
537 566
537 566
538 610
538 610
538 610
538 610
538 610
539 610
539 610
539 610
539 610
539 610
540 602
540 602
540 602
540 602
540 602
541 610
541 610
541 610
541 610
541 610
542 610
542 610
542 610
542 610
542 610
543 610
543 610
543 610
543 610
543 610
544 602
544 602
544 602
544 602
544 602
545 602
545 602
545 602
545 602
545 602
546 610
546 610
546 610
546 610
546 610
547 602
547 602
547 602
547 602
547 602
548 610
548 610
548 610
548 610
548 610
549 602
549 602
549 602
549 602
549 602
550 602
550 602
550 602
550 602
550 602
551 610
551 610
551 610
551 610
551 610
552 610
552 610
552 610
552 610
552 610
553 602
553 602
553 602
553 602
553 602
554 602
554 602
554 602
554 602
554 602
555 610
555 610
555 610
555 610
555 610
556 615
556 615
556 615
556 615
556 615
557 602
557 602
557 602
557 602
557 602
558 602
558 602
558 602
558 602
558 602
559 638
559 638
559 638
559 638
559 638
560 628
560 628
560 628
560 628
560 628
561 638
561 638
561 638
561 638
561 638
562 630
562 630
562 630
562 630
562 630
563 638
563 638
563 638
563 638
563 638
564 638
564 638
564 638
564 638
564 638
565 630
565 630
565 630
565 630
565 630
566 638
566 638
566 638
566 638
566 638
567 630
567 630
567 630
567 630
567 630
568 638
568 638
568 638
568 638
568 638
569 638
569 638
569 638
569 638
569 638
570 630
570 630
570 630
570 630
570 630
571 638
571 638
571 638
571 638
571 638
572 638
572 638
572 638
572 638
572 638
573 638
573 638
573 638
573 638
573 638
574 638
574 638
574 638
574 638
574 638
575 638
575 638
575 638
575 638
575 638
576 638
576 638
576 638
576 638
576 638
577 638
577 638
577 638
577 638
577 638
578 660
578 660
578 660
578 660
578 660
579 641
579 641
579 641
579 641
579 641
580 676
580 676
580 676
580 676
580 676
581 641
581 641
581 641
581 641
581 641
582 649
582 649
582 649
582 649
582 649
583 660
583 660
583 660
583 660
583 660
584 676
584 676
584 676
584 676
584 676
585 660
585 660
585 660
585 660
585 660
586 676
586 676
586 676
586 676
586 676
587 676
587 676
587 676
587 676
587 676
588 676
588 676
588 676
588 676
588 676
589 676
589 676
589 676
589 676
589 676
590 676
590 676
590 676
590 676
590 676
591 676
591 676
591 676
591 676
591 676
592 660
592 660
592 660
592 660
592 660
593 660
593 660
593 660
593 660
593 660
594 676
594 676
594 676
594 676
594 676
595 660
595 660
595 660
595 660
595 660
596 676
596 676
596 676
596 676
596 676
597 660
597 660
597 660
597 660
597 660
598 676
598 676
598 676
598 676
598 676
599 660
599 660
599 660
599 660
599 660
600 660
600 660
600 660
600 660
600 660
601 660
601 660
601 660
601 660
601 660
602 660
602 660
602 660
602 660
602 660
603 676
603 676
603 676
603 676
603 676
604 660
604 660
604 660
604 660
604 660
605 676
605 676
605 676
605 676
605 676
606 660
606 660
606 660
606 660
606 660
607 700
607 700
607 700
607 700
607 700
608 700
608 700
608 700
608 700
608 700
609 700
609 700
609 700
609 700
609 700
610 700
610 700
610 700
610 700
610 700
611 711
611 711
611 711
611 711
611 711
612 700
612 700
612 700
612 700
612 700
613 700
613 700
613 700
613 700
613 700
614 711
614 711
614 711
614 711
614 711
615 700
615 700
615 700
615 700
615 700
616 700
616 700
616 700
616 700
616 700
617 711
617 711
617 711
617 711
617 711
618 700
618 700
618 700
618 700
618 700
619 711
619 711
619 711
619 711
619 711
620 711
620 711
620 711
620 711
620 711
621 711
621 711
621 711
621 711
621 711
622 700
622 700
622 700
622 700
622 700
623 700
623 700
623 700
623 700
623 700
624 700
624 700
624 700
624 700
624 700
625 700
625 700
625 700
625 700
625 700
626 700
626 700
626 700
626 700
626 700
627 700
627 700
627 700
627 700
627 700
628 711
628 711
628 711
628 711
628 711
629 700
629 700
629 700
629 700
629 700
630 700
630 700
630 700
630 700
630 700
631 700
631 700
631 700
631 700
631 700
632 740
632 740
632 740
632 740
632 740
633 735
633 735
633 735
633 735
633 735
634 718
634 718
634 718
634 718
634 718
635 751
635 751
635 751
635 751
635 751
636 700
636 700
636 700
636 700
636 700
637 750
637 750
637 750
637 750
637 750
638 751
638 751
638 751
638 751
638 751
639 751
639 751
639 751
639 751
639 751
640 750
640 750
640 750
640 750
640 750
641 751
641 751
641 751
641 751
641 751
642 751
642 751
642 751
642 751
642 751
643 755
643 755
643 755
643 755
643 755
644 751
644 751
644 751
644 751
644 751
645 751
645 751
645 751
645 751
645 751
646 751
646 751
646 751
646 751
646 751
647 751
647 751
647 751
647 751
647 751
648 751
648 751
648 751
648 751
648 751
649 755
649 755
649 755
649 755
649 755
650 751
650 751
650 751
650 751
650 751
651 751
651 751
651 751
651 751
651 751
652 750
652 750
652 750
652 750
652 750
653 751
653 751
653 751
653 751
653 751
654 751
654 751
654 751
654 751
654 751
655 750
655 750
655 750
655 750
655 750
656 755
656 755
656 755
656 755
656 755
657 740
657 740
657 740
657 740
657 740
658 751
658 751
658 751
658 751
658 751
659 751
659 751
659 751
659 751
659 751
660 751
660 751
660 751
660 751
660 751
661 751
661 751
661 751
661 751
661 751
662 751
662 751
662 751
662 751
662 751
663 750
663 750
663 750
663 750
663 750
664 751
664 751
664 751
664 751
664 751
665 751
665 751
665 751
665 751
665 751
666 785
666 785
666 785
666 785
666 785
667 797
667 797
667 797
667 797
667 797
668 758
668 758
668 758
668 758
668 758
669 800
669 800
669 800
669 800
669 800
670 797
670 797
670 797
670 797
670 797
671 797
671 797
671 797
671 797
671 797
672 800
672 800
672 800
672 800
672 800
673 797
673 797
673 797
673 797
673 797
674 800
674 800
674 800
674 800
674 800
675 797
675 797
675 797
675 797
675 797
676 800
676 800
676 800
676 800
676 800
677 797
677 797
677 797
677 797
677 797
678 800
678 800
678 800
678 800
678 800
679 800
679 800
679 800
679 800
679 800
680 797
680 797
680 797
680 797
680 797
681 800
681 800
681 800
681 800
681 800
682 797
682 797
682 797
682 797
682 797
683 797
683 797
683 797
683 797
683 797
684 797
684 797
684 797
684 797
684 797
685 797
685 797
685 797
685 797
685 797
686 797
686 797
686 797
686 797
686 797
687 797
687 797
687 797
687 797
687 797
688 797
688 797
688 797
688 797
688 797
689 800
689 800
689 800
689 800
689 800
690 797
690 797
690 797
690 797
690 797
691 800
691 800
691 800
691 800
691 800
692 797
692 797
692 797
692 797
692 797
693 797
693 797
693 797
693 797
693 797
694 800
694 800
694 800
694 800
694 800
695 797
695 797
695 797
695 797
695 797
696 797
696 797
696 797
696 797
696 797
697 797
697 797
697 797
697 797
697 797
698 800
698 800
698 800
698 800
698 800
699 797
699 797
699 797
699 797
699 797
700 797
700 797
700 797
700 797
700 797
701 797
701 797
701 797
701 797
701 797
702 797
702 797
702 797
702 797
702 797
703 797
703 797
703 797
703 797
703 797
704 797
704 797
704 797
704 797
704 797
705 800
705 800
705 800
705 800
705 800
706 800
706 800
706 800
706 800
706 800
707 800
707 800
707 800
707 800
707 800
708 800
708 800
708 800
708 800
708 800
709 800
709 800
709 800
709 800
709 800
710 800
710 800
710 800
710 800
710 800
711 800
711 800
711 800
711 800
711 800
712 800
712 800
712 800
712 800
712 800
713 800
713 800
713 800
713 800
713 800
714 800
714 800
714 800
714 800
714 800
715 800
715 800
715 800
715 800
715 800
716 800
716 800
716 800
716 800
716 800
717 800
717 800
717 800
717 800
717 800
718 800
718 800
718 800
718 800
718 800
719 800
719 800
719 800
719 800
719 800
720 800
720 800
720 800
720 800
720 800
721 800
721 800
721 800
721 800
721 800
722 800
722 800
722 800
722 800
722 800
723 800
723 800
723 800
723 800
723 800
724 800
724 800
724 800
724 800
724 800
725 800
725 800
725 800
725 800
725 800
726 800
726 800
726 800
726 800
726 800
727 800
727 800
727 800
727 800
727 800
728 800
728 800
728 800
728 800
728 800
729 800
729 800
729 800
729 800
729 800
730 800
730 800
730 800
730 800
730 800
731 800
731 800
731 800
731 800
731 800
732 800
732 800
732 800
732 800
732 800
733 800
733 800
733 800
733 800
733 800
734 800
734 800
734 800
734 800
734 800
735 800
735 800
735 800
735 800
735 800
736 800
736 800
736 800
736 800
736 800
737 800
737 800
737 800
737 800
737 800
738 800
738 800
738 800
738 800
738 800
739 800
739 800
739 800
739 800
739 800
740 800
740 800
740 800
740 800
740 800
741 800
741 800
741 800
741 800
741 800
742 800
742 800
742 800
742 800
742 800
743 800
743 800
743 800
743 800
743 800
744 800
744 800
744 800
744 800
744 800
745 800
745 800
745 800
745 800
745 800
746 800
746 800
746 800
746 800
746 800
747 800
747 800
747 800
747 800
747 800
748 800
748 800
748 800
748 800
748 800
749 800
749 800
749 800
749 800
749 800
750 800
750 800
750 800
750 800
750 800
751 800
751 800
751 800
751 800
751 800
752 800
752 800
752 800
752 800
752 800
753 800
753 800
753 800
753 800
753 800
754 800
754 800
754 800
754 800
754 800
755 800
755 800
755 800
755 800
755 800
756 800
756 800
756 800
756 800
756 800
757 800
757 800
757 800
757 800
757 800
758 800
758 800
758 800
758 800
758 800
759 800
759 800
759 800
759 800
759 800
760 800
760 800
760 800
760 800
760 800
761 800
761 800
761 800
761 800
761 800
762 800
762 800
762 800
762 800
762 800
763 800
763 800
763 800
763 800
763 800
764 800
764 800
764 800
764 800
764 800
765 800
765 800
765 800
765 800
765 800
766 800
766 800
766 800
766 800
766 800
767 800
767 800
767 800
767 800
767 800
768 800
768 800
768 800
768 800
768 800
769 800
769 800
769 800
769 800
769 800
770 800
770 800
770 800
770 800
770 800
771 800
771 800
771 800
771 800
771 800
772 800
772 800
772 800
772 800
772 800
773 800
773 800
773 800
773 800
773 800
774 800
774 800
774 800
774 800
774 800
775 800
775 800
775 800
775 800
775 800
776 800
776 800
776 800
776 800
776 800
777 800
777 800
777 800
777 800
777 800
778 800
778 800
778 800
778 800
778 800
779 800
779 800
779 800
779 800
779 800
780 800
780 800
780 800
780 800
780 800
781 800
781 800
781 800
781 800
781 800
782 800
782 800
782 800
782 800
782 800
783 800
783 800
783 800
783 800
783 800
784 800
784 800
784 800
784 800
784 800
785 800
785 800
785 800
785 800
785 800
786 800
786 800
786 800
786 800
786 800
787 800
787 800
787 800
787 800
787 800
788 800
788 800
788 800
788 800
788 800
789 800
789 800
789 800
789 800
789 800
790 800
790 800
790 800
790 800
790 800
791 800
791 800
791 800
791 800
791 800
792 800
792 800
792 800
792 800
792 800
793 800
793 800
793 800
793 800
793 800
794 800
794 800
794 800
794 800
794 800
795 800
795 800
795 800
795 800
795 800
796 800
796 800
796 800
796 800
796 800
797 800
797 800
797 800
797 800
797 800
798 800
798 800
798 800
798 800
798 800
799 800
799 800
799 800
799 800
799 800
800 800
800 800
800 800
800 800
800 800
801 800
801 800
801 800
801 800
801 800
802 800
802 800
802 800
802 800
802 800
803 800
803 800
803 800
803 800
803 800
804 800
804 800
804 800
804 800
804 800
805 800
805 800
805 800
805 800
805 800
806 800
806 800
806 800
806 800
806 800
807 800
807 800
807 800
807 800
807 800
808 800
808 800
808 800
808 800
808 800
809 800
809 800
809 800
809 800
809 800
810 800
810 800
810 800
810 800
810 800
811 800
811 800
811 800
811 800
811 800
812 800
812 800
812 800
812 800
812 800
813 800
813 800
813 800
813 800
813 800
814 800
814 800
814 800
814 800
814 800
815 800
815 800
815 800
815 800
815 800
816 800
816 800
816 800
816 800
816 800
817 800
817 800
817 800
817 800
817 800
818 800
818 800
818 800
818 800
818 800
819 800
819 800
819 800
819 800
819 800
820 800
820 800
820 800
820 800
820 800
821 800
821 800
821 800
821 800
821 800
822 800
822 800
822 800
822 800
822 800
823 800
823 800
823 800
823 800
823 800
824 800
824 800
824 800
824 800
824 800
825 800
825 800
825 800
825 800
825 800
826 800
826 800
826 800
826 800
826 800
827 800
827 800
827 800
827 800
827 800
828 800
828 800
828 800
828 800
828 800
829 800
829 800
829 800
829 800
829 800
830 800
830 800
830 800
830 800
830 800
831 800
831 800
831 800
831 800
831 800
832 800
832 800
832 800
832 800
832 800
833 800
833 800
833 800
833 800
833 800
834 800
834 800
834 800
834 800
834 800
835 800
835 800
835 800
835 800
835 800
836 800
836 800
836 800
836 800
836 800
837 800
837 800
837 800
837 800
837 800
838 800
838 800
838 800
838 800
838 800
839 800
839 800
839 800
839 800
839 800
840 800
840 800
840 800
840 800
840 800
841 800
841 800
841 800
841 800
841 800
842 800
842 800
842 800
842 800
842 800
843 800
843 800
843 800
843 800
843 800
844 800
844 800
844 800
844 800
844 800
845 800
845 800
845 800
845 800
845 800
846 800
846 800
846 800
846 800
846 800
847 800
847 800
847 800
847 800
847 800
848 800
848 800
848 800
848 800
848 800
849 800
849 800
849 800
849 800
849 800
850 800
850 800
850 800
850 800
850 800
851 800
851 800
851 800
851 800
851 800
852 800
852 800
852 800
852 800
852 800
853 800
853 800
853 800
853 800
853 800
854 800
854 800
854 800
854 800
854 800
855 800
855 800
855 800
855 800
855 800
856 800
856 800
856 800
856 800
856 800
857 800
857 800
857 800
857 800
857 800
858 800
858 800
858 800
858 800
858 800
859 800
859 800
859 800
859 800
859 800
860 800
860 800
860 800
860 800
860 800
861 800
861 800
861 800
861 800
861 800
862 800
862 800
862 800
862 800
862 800
863 800
863 800
863 800
863 800
863 800
864 800
864 800
864 800
864 800
864 800
865 800
865 800
865 800
865 800
865 800
866 800
866 800
866 800
866 800
866 800
867 800
867 800
867 800
867 800
867 800
868 800
868 800
868 800
868 800
868 800
869 800
869 800
869 800
869 800
869 800
870 800
870 800
870 800
870 800
870 800
871 800
871 800
871 800
871 800
871 800
872 800
872 800
872 800
872 800
872 800
873 800
873 800
873 800
873 800
873 800
874 800
874 800
874 800
874 800
874 800
875 800
875 800
875 800
875 800
875 800
876 800
876 800
876 800
876 800
876 800
877 800
877 800
877 800
877 800
877 800
878 800
878 800
878 800
878 800
878 800
879 800
879 800
879 800
879 800
879 800
880 800
880 800
880 800
880 800
880 800
881 800
881 800
881 800
881 800
881 800
882 800
882 800
882 800
882 800
882 800
883 800
883 800
883 800
883 800
883 800
884 800
884 800
884 800
884 800
884 800
885 800
885 800
885 800
885 800
885 800
