(round 2: sensor in downward position, starting at 325mm from wall)
325 331
325 331
325 331
325 331
325 331
326 334
326 334
326 334
326 334
326 334
327 336
327 336
327 336
327 336
327 336
328 334
328 334
328 334
328 334
328 334
329 336
329 336
329 336
329 336
329 336
330 334
330 334
330 334
330 334
330 334
331 336
331 336
331 336
331 336
331 336
332 334
332 334
332 334
332 334
332 334
333 334
333 334
333 334
333 334
333 334
334 334
334 334
334 334
334 334
334 334
335 344
335 344
335 344
335 344
335 344
336 342
336 342
336 342
336 342
336 342
337 344
337 344
337 344
337 344
337 344
338 344
338 344
338 344
338 344
338 344
339 345
339 345
339 345
339 345
339 345
340 342
340 342
340 342
340 342
340 342
341 342
341 342
341 342
341 342
341 342
342 350
342 350
342 350
342 350
342 350
343 350
343 350
343 350
343 350
343 350
344 350
344 350
344 350
344 350
344 350
345 350
345 350
345 350
345 350
345 350
346 350
346 350
346 350
346 350
346 350
347 350
347 350
347 350
347 350
347 350
348 350
348 350
348 350
348 350
348 350
349 350
349 350
349 350
349 350
349 350
350 359
350 359
350 359
350 359
350 359
351 359
351 359
351 359
351 359
351 359
352 366
352 366
352 366
352 366
352 366
353 359
353 359
353 359
353 359
353 359
354 359
354 359
354 359
354 359
354 359
355 359
355 359
355 359
355 359
355 359
356 359
356 359
356 359
356 359
356 359
357 359
357 359
357 359
357 359
357 359
358 359
358 359
358 359
358 359
358 359
359 369
359 369
359 369
359 369
359 369
360 369
360 369
360 369
360 369
360 369
361 369
361 369
361 369
361 369
361 369
362 369
362 369
362 369
362 369
362 369
363 369
363 369
363 369
363 369
363 369
364 369
364 369
364 369
364 369
364 369
365 369
365 369
365 369
365 369
365 369
366 369
366 369
366 369
366 369
366 369
367 369
367 369
367 369
367 369
367 369
368 378
368 378
368 378
368 378
368 378
369 378
369 378
369 378
369 378
369 378
370 378
370 378
370 378
370 378
370 378
371 378
371 378
371 378
371 378
371 378
372 378
372 378
372 378
372 378
372 378
373 378
373 378
373 378
373 378
373 378
374 378
374 378
374 378
374 378
374 378
375 378
375 378
375 378
375 378
375 378
376 378
376 378
376 378
376 378
376 378
377 378
377 378
377 378
377 378
377 378
378 392
378 392
378 392
378 392
378 392
379 388
379 388
379 388
379 388
379 388
380 388
380 388
380 388
380 388
380 388
381 388
381 388
381 388
381 388
381 388
382 388
382 388
382 388
382 388
382 388
383 388
383 388
383 388
383 388
383 388
384 388
384 388
384 388
384 388
384 388
385 388
385 388
385 388
385 388
385 388
386 388
386 388
386 388
386 388
386 388
387 397
387 397
387 397
387 397
387 397
388 396
388 396
388 396
388 396
388 396
389 402
389 402
389 402
389 402
389 402
390 402
390 402
390 402
390 402
390 402
391 399
391 399
391 399
391 399
391 399
392 399
392 399
392 399
392 399
392 399
393 399
393 399
393 399
393 399
393 399
394 399
394 399
394 399
394 399
394 399
395 399
395 399
395 399
395 399
395 399
396 402
396 402
396 402
396 402
396 402
397 402
397 402
397 402
397 402
397 402
398 403
398 403
398 403
398 403
398 403
399 408
399 408
399 408
399 408
399 408
400 412
400 412
400 412
400 412
400 412
401 414
401 414
401 414
401 414
401 414
402 412
402 412
402 412
402 412
402 412
403 412
403 412
403 412
403 412
403 412
404 412
404 412
404 412
404 412
404 412
405 414
405 414
405 414
405 414
405 414
406 414
406 414
406 414
406 414
406 414
407 414
407 414
407 414
407 414
407 414
408 412
408 412
408 412
408 412
408 412
409 412
409 412
409 412
409 412
409 412
410 422
410 422
410 422
410 422
410 422
411 414
411 414
411 414
411 414
411 414
412 430
412 430
412 430
412 430
412 430
413 424
413 424
413 424
413 424
413 424
414 424
414 424
414 424
414 424
414 424
415 424
415 424
415 424
415 424
415 424
416 424
416 424
416 424
416 424
416 424
417 424
417 424
417 424
417 424
417 424
418 424
418 424
418 424
418 424
418 424
419 424
419 424
419 424
419 424
419 424
420 432
420 432
420 432
420 432
420 432
421 424
421 424
421 424
421 424
421 424
422 430
422 430
422 430
422 430
422 430
423 450
423 450
423 450
423 450
423 450
424 450
424 450
424 450
424 450
424 450
425 450
425 450
425 450
425 450
425 450
426 450
426 450
426 450
426 450
426 450
427 450
427 450
427 450
427 450
427 450
428 450
428 450
428 450
428 450
428 450
429 450
429 450
429 450
429 450
429 450
430 450
430 450
430 450
430 450
430 450
431 450
431 450
431 450
431 450
431 450
432 450
432 450
432 450
432 450
432 450
433 452
433 452
433 452
433 452
433 452
434 440
434 440
434 440
434 440
434 440
435 455
435 455
435 455
435 455
435 455
436 450
436 450
436 450
436 450
436 450
437 461
437 461
437 461
437 461
437 461
438 461
438 461
438 461
438 461
438 461
439 461
439 461
439 461
439 461
439 461
440 461
440 461
440 461
440 461
440 461
441 461
441 461
441 461
441 461
441 461
442 461
442 461
442 461
442 461
442 461
443 461
443 461
443 461
443 461
443 461
444 461
444 461
444 461
444 461
444 461
445 461
445 461
445 461
445 461
445 461
446 465
446 465
446 465
446 465
446 465
447 461
447 461
447 461
447 461
447 461
448 461
448 461
448 461
448 461
448 461
449 467
449 467
449 467
449 467
449 467
450 480
450 480
450 480
450 480
450 480
451 480
451 480
451 480
451 480
451 480
452 480
452 480
452 480
452 480
452 480
453 480
453 480
453 480
453 480
453 480
454 480
454 480
454 480
454 480
454 480
455 480
455 480
455 480
455 480
455 480
456 480
456 480
456 480
456 480
456 480
457 481
457 481
457 481
457 481
457 481
458 480
458 480
458 480
458 480
458 480
459 481
459 481
459 481
459 481
459 481
460 480
460 480
460 480
460 480
460 480
461 480
461 480
461 480
461 480
461 480
462 480
462 480
462 480
462 480
462 480
463 480
463 480
463 480
463 480
463 480
464 480
464 480
464 480
464 480
464 480
465 480
465 480
465 480
465 480
465 480
466 480
466 480
466 480
466 480
466 480
467 481
467 481
467 481
467 481
467 481
468 499
468 499
468 499
468 499
468 499
469 497
469 497
469 497
469 497
469 497
470 497
470 497
470 497
470 497
470 497
471 497
471 497
471 497
471 497
471 497
472 497
472 497
472 497
472 497
472 497
473 499
473 499
473 499
473 499
473 499
474 497
474 497
474 497
474 497
474 497
475 497
475 497
475 497
475 497
475 497
476 497
476 497
476 497
476 497
476 497
477 497
477 497
477 497
477 497
477 497
478 497
478 497
478 497
478 497
478 497
479 497
479 497
479 497
479 497
479 497
480 501
480 501
480 501
480 501
480 501
481 501
481 501
481 501
481 501
481 501
482 516
482 516
482 516
482 516
482 516
483 516
483 516
483 516
483 516
483 516
484 503
484 503
484 503
484 503
484 503
485 516
485 516
485 516
485 516
485 516
486 516
486 516
486 516
486 516
486 516
487 516
487 516
487 516
487 516
487 516
488 516
488 516
488 516
488 516
488 516
489 516
489 516
489 516
489 516
489 516
490 516
490 516
490 516
490 516
490 516
491 520
491 520
491 520
491 520
491 520
492 516
492 516
492 516
492 516
492 516
493 516
493 516
493 516
493 516
493 516
494 516
494 516
494 516
494 516
494 516
495 516
495 516
495 516
495 516
495 516
496 516
496 516
496 516
496 516
496 516
497 516
497 516
497 516
497 516
497 516
498 516
498 516
498 516
498 516
498 516
499 522
499 522
499 522
499 522
499 522
500 536
500 536
500 536
500 536
500 536
501 525
501 525
501 525
501 525
501 525
502 516
502 516
502 516
502 516
502 516
503 536
503 536
503 536
503 536
503 536
504 525
504 525
504 525
504 525
504 525
505 536
505 536
505 536
505 536
505 536
506 525
506 525
506 525
506 525
506 525
507 525
507 525
507 525
507 525
507 525
508 525
508 525
508 525
508 525
508 525
509 525
509 525
509 525
509 525
509 525
510 525
510 525
510 525
510 525
510 525
511 536
511 536
511 536
511 536
511 536
512 525
512 525
512 525
512 525
512 525
513 525
513 525
513 525
513 525
513 525
514 525
514 525
514 525
514 525
514 525
515 536
515 536
515 536
515 536
515 536
516 525
516 525
516 525
516 525
516 525
517 525
517 525
517 525
517 525
517 525
518 525
518 525
518 525
518 525
518 525
519 540
519 540
519 540
519 540
519 540
520 544
520 544
520 544
520 544
520 544
521 544
521 544
521 544
521 544
521 544
522 541
522 541
522 541
522 541
522 541
523 550
523 550
523 550
523 550
523 550
524 544
524 544
524 544
524 544
524 544
525 544
525 544
525 544
525 544
525 544
526 550
526 550
526 550
526 550
526 550
527 544
527 544
527 544
527 544
527 544
528 544
528 544
528 544
528 544
528 544
529 550
529 550
529 550
529 550
529 550
530 550
530 550
530 550
530 550
530 550
531 550
531 550
531 550
531 550
531 550
532 550
532 550
532 550
532 550
532 550
533 544
533 544
533 544
533 544
533 544
534 550
534 550
534 550
534 550
534 550
535 550
535 550
535 550
535 550
535 550
536 550
536 550
536 550
536 550
536 550
537 544
537 544
537 544
537 544
537 544
538 544
538 544
538 544
538 544
538 544
539 550
539 550
539 550
539 550
539 550
540 550
540 550
540 550
540 550
540 550
541 544
541 544
541 544
541 544
541 544
542 566
542 566
542 566
542 566
542 566
543 569
543 569
543 569
543 569
543 569
544 569
544 569
544 569
544 569
544 569
545 566
545 566
545 566
545 566
545 566
546 569
546 569
546 569
546 569
546 569
547 566
547 566
547 566
547 566
547 566
548 566
548 566
548 566
548 566
548 566
549 566
549 566
549 566
549 566
549 566
550 569
550 569
550 569
550 569
550 569
551 566
551 566
551 566
551 566
551 566
552 566
552 566
552 566
552 566
552 566
553 569
553 569
553 569
553 569
553 569
554 566
554 566
554 566
554 566
554 566
555 569
555 569
555 569
555 569
555 569
556 569
556 569
556 569
556 569
556 569
557 566
557 566
557 566
557 566
557 566
558 568
558 568
558 568
558 568
558 568
559 569
559 569
559 569
559 569
559 569
560 569
560 569
560 569
560 569
560 569
561 569
561 569
561 569
561 569
561 569
562 569
562 569
562 569
562 569
562 569
563 594
563 594
563 594
563 594
563 594
564 575
564 575
564 575
564 575
564 575
565 602
565 602
565 602
565 602
565 602
566 610
566 610
566 610
566 610
566 610
567 602
567 602
567 602
567 602
567 602
568 602
568 602
568 602
568 602
568 602
569 602
569 602
569 602
569 602
569 602
570 602
570 602
570 602
570 602
570 602
571 610
571 610
571 610
571 610
571 610
572 602
572 602
572 602
572 602
572 602
573 602
573 602
573 602
573 602
573 602
574 602
574 602
574 602
574 602
574 602
575 602
575 602
575 602
575 602
575 602
576 602
576 602
576 602
576 602
576 602
577 602
577 602
577 602
577 602
577 602
578 602
578 602
578 602
578 602
578 602
579 602
579 602
579 602
579 602
579 602
580 602
580 602
580 602
580 602
580 602
581 602
581 602
581 602
581 602
581 602
582 602
582 602
582 602
582 602
582 602
583 602
583 602
583 602
583 602
583 602
584 602
584 602
584 602
584 602
584 602
585 602
585 602
585 602
585 602
585 602
586 602
586 602
586 602
586 602
586 602
587 630
587 630
587 630
587 630
587 630
588 630
588 630
588 630
588 630
588 630
589 615
589 615
589 615
589 615
589 615
590 615
590 615
590 615
590 615
590 615
591 630
591 630
591 630
591 630
591 630
592 630
592 630
592 630
592 630
592 630
593 630
593 630
593 630
593 630
593 630
594 630
594 630
594 630
594 630
594 630
595 630
595 630
595 630
595 630
595 630
596 630
596 630
596 630
596 630
596 630
597 630
597 630
597 630
597 630
597 630
598 630
598 630
598 630
598 630
598 630
599 630
599 630
599 630
599 630
599 630
600 630
600 630
600 630
600 630
600 630
601 630
601 630
601 630
601 630
601 630
602 630
602 630
602 630
602 630
602 630
603 630
603 630
603 630
603 630
603 630
604 630
604 630
604 630
604 630
604 630
605 630
605 630
605 630
605 630
605 630
606 630
606 630
606 630
606 630
606 630
607 630
607 630
607 630
607 630
607 630
608 630
608 630
608 630
608 630
608 630
609 630
609 630
609 630
609 630
609 630
610 630
610 630
610 630
610 630
610 630
611 630
611 630
611 630
611 630
611 630
612 638
612 638
612 638
612 638
612 638
613 630
613 630
613 630
613 630
613 630
614 630
614 630
614 630
614 630
614 630
615 638
615 638
615 638
615 638
615 638
616 660
616 660
616 660
616 660
616 660
617 630
617 630
617 630
617 630
617 630
618 660
618 660
618 660
618 660
618 660
619 660
619 660
619 660
619 660
619 660
620 660
620 660
620 660
620 660
620 660
621 660
621 660
621 660
621 660
621 660
622 660
622 660
622 660
622 660
622 660
623 660
623 660
623 660
623 660
623 660
624 660
624 660
624 660
624 660
624 660
625 660
625 660
625 660
625 660
625 660
626 676
626 676
626 676
626 676
626 676
627 660
627 660
627 660
627 660
627 660
628 660
628 660
628 660
628 660
628 660
629 660
629 660
629 660
629 660
629 660
630 660
630 660
630 660
630 660
630 660
631 660
631 660
631 660
631 660
631 660
632 660
632 660
632 660
632 660
632 660
633 660
633 660
633 660
633 660
633 660
634 660
634 660
634 660
634 660
634 660
635 660
635 660
635 660
635 660
635 660
636 660
636 660
636 660
636 660
636 660
637 660
637 660
637 660
637 660
637 660
638 660
638 660
638 660
638 660
638 660
639 677
639 677
639 677
639 677
639 677
640 677
640 677
640 677
640 677
640 677
641 660
641 660
641 660
641 660
641 660
642 677
642 677
642 677
642 677
642 677
643 660
643 660
643 660
643 660
643 660
644 677
644 677
644 677
644 677
644 677
645 660
645 660
645 660
645 660
645 660
646 676
646 676
646 676
646 676
646 676
647 660
647 660
647 660
647 660
647 660
648 676
648 676
648 676
648 676
648 676
649 677
649 677
649 677
649 677
649 677
650 677
650 677
650 677
650 677
650 677
651 682
651 682
651 682
651 682
651 682
652 700
652 700
652 700
652 700
652 700
653 700
653 700
653 700
653 700
653 700
654 682
654 682
654 682
654 682
654 682
655 700
655 700
655 700
655 700
655 700
656 700
656 700
656 700
656 700
656 700
657 700
657 700
657 700
657 700
657 700
658 711
658 711
658 711
658 711
658 711
659 700
659 700
659 700
659 700
659 700
660 700
660 700
660 700
660 700
660 700
661 700
661 700
661 700
661 700
661 700
662 700
662 700
662 700
662 700
662 700
663 700
663 700
663 700
663 700
663 700
664 700
664 700
664 700
664 700
664 700
665 700
665 700
665 700
665 700
665 700
666 700
666 700
666 700
666 700
666 700
667 700
667 700
667 700
667 700
667 700
668 700
668 700
668 700
668 700
668 700
669 700
669 700
669 700
669 700
669 700
670 700
670 700
670 700
670 700
670 700
671 700
671 700
671 700
671 700
671 700
672 700
672 700
672 700
672 700
672 700
673 700
673 700
673 700
673 700
673 700
674 711
674 711
674 711
674 711
674 711
675 700
675 700
675 700
675 700
675 700
676 700
676 700
676 700
676 700
676 700
677 700
677 700
677 700
677 700
677 700
678 700
678 700
678 700
678 700
678 700
679 700
679 700
679 700
679 700
679 700
680 700
680 700
680 700
680 700
680 700
681 700
681 700
681 700
681 700
681 700
682 700
682 700
682 700
682 700
682 700
683 700
683 700
683 700
683 700
683 700
684 700
684 700
684 700
684 700
684 700
