(Round 2: Sensor in upward position)
34 70
34 70
34 70
34 70
34 70
35 70
35 70
35 70
35 70
35 70
36 70
36 70
36 70
36 70
36 70
37 70
37 70
37 70
37 70
37 70
38 800
38 800
38 800
38 800
38 800
39 332
39 332
39 332
39 332
39 332
40 200
40 200
40 200
40 200
40 200
41 164
41 164
41 164
41 164
41 164
42 156
42 156
42 156
42 156
42 156
43 149
43 149
43 149
43 149
43 149
44 152
44 152
44 152
44 152
44 152
45 159
45 159
45 159
45 159
45 159
46 154
46 154
46 154
46 154
46 154
47 142
47 142
47 142
47 142
47 142
48 134
48 134
48 134
48 134
48 134
49 130
49 130
49 130
49 130
49 130
50 127
50 127
50 127
50 127
50 127
51 125
51 125
51 125
51 125
51 125
52 126
52 126
52 126
52 126
52 126
53 127
53 127
53 127
53 127
53 127
54 133
54 133
54 133
54 133
54 133
55 145
55 145
55 145
55 145
55 145
56 164
56 164
56 164
56 164
56 164
57 181
57 181
57 181
57 181
57 181
58 193
58 193
58 193
58 193
58 193
59 193
59 193
59 193
59 193
59 193
60 180
60 180
60 180
60 180
60 180
61 160
61 160
61 160
61 160
61 160
62 143
62 143
62 143
62 143
62 143
63 126
63 126
63 126
63 126
63 126
64 117
64 117
64 117
64 117
64 117
65 110
65 110
65 110
65 110
65 110
66 106
66 106
66 106
66 106
66 106
67 103
67 103
67 103
67 103
67 103
68 101
68 101
68 101
68 101
68 101
69 101
69 101
69 101
69 101
69 101
70 99
70 99
70 99
70 99
70 99
71 99
71 99
71 99
71 99
71 99
72 99
72 99
72 99
72 99
72 99
73 99
73 99
73 99
73 99
73 99
74 99
74 99
74 99
74 99
74 99
75 99
75 99
75 99
75 99
75 99
76 100
76 100
76 100
76 100
76 100
77 100
77 100
77 100
77 100
77 100
78 99
78 99
78 99
78 99
78 99
79 99
79 99
79 99
79 99
79 99
80 99
80 99
80 99
80 99
80 99
81 98
81 98
81 98
81 98
81 98
82 97
82 97
82 97
82 97
82 97
83 97
83 97
83 97
83 97
83 97
84 95
84 95
84 95
84 95
84 95
85 95
85 95
85 95
85 95
85 95
86 93
86 93
86 93
86 93
86 93
87 92
87 92
87 92
87 92
87 92
88 91
88 91
88 91
88 91
88 91
89 91
89 91
89 91
89 91
89 91
90 91
90 91
90 91
90 91
90 91
91 90
91 90
91 90
91 90
91 90
92 90
92 90
92 90
92 90
92 90
93 90
93 90
93 90
93 90
93 90
94 90
94 90
94 90
94 90
94 90
95 91
95 91
95 91
95 91
95 91
96 90
96 90
96 90
96 90
96 90
97 90
97 90
97 90
97 90
97 90
98 90
98 90
98 90
98 90
98 90
99 90
99 90
99 90
99 90
99 90
100 90
100 90
100 90
100 90
100 90
101 90
101 90
101 90
101 90
101 90
102 91
102 91
102 91
102 91
102 91
103 90
103 90
103 90
103 90
103 90
104 90
104 90
104 90
104 90
104 90
105 90
105 90
105 90
105 90
105 90
106 91
106 91
106 91
106 91
106 91
107 91
107 91
107 91
107 91
107 91
108 91
108 91
108 91
108 91
108 91
109 92
109 92
109 92
109 92
109 92
110 91
110 91
110 91
110 91
110 91
111 92
111 92
111 92
111 92
111 92
112 92
112 92
112 92
112 92
112 92
113 93
113 93
113 93
113 93
113 93
114 95
114 95
114 95
114 95
114 95
115 95
115 95
115 95
115 95
115 95
116 96
116 96
116 96
116 96
116 96
117 97
117 97
117 97
117 97
117 97
118 97
118 97
118 97
118 97
118 97
119 99
119 99
119 99
119 99
119 99
120 99
120 99
120 99
120 99
120 99
121 100
121 100
121 100
121 100
121 100
122 101
122 101
122 101
122 101
122 101
123 103
123 103
123 103
123 103
123 103
124 103
124 103
124 103
124 103
124 103
125 104
125 104
125 104
125 104
125 104
126 105
126 105
126 105
126 105
126 105
127 106
127 106
127 106
127 106
127 106
128 107
128 107
128 107
128 107
128 107
129 108
129 108
129 108
129 108
129 108
130 109
130 109
130 109
130 109
130 109
131 109
131 109
131 109
131 109
131 109
132 110
132 110
132 110
132 110
132 110
133 111
133 111
133 111
133 111
133 111
134 114
134 114
134 114
134 114
134 114
135 115
135 115
135 115
135 115
135 115
136 115
136 115
136 115
136 115
136 115
137 116
137 116
137 116
137 116
137 116
138 117
138 117
138 117
138 117
138 117
139 118
139 118
139 118
139 118
139 118
140 118
140 118
140 118
140 118
140 118
141 119
141 119
141 119
141 119
141 119
142 120
142 120
142 120
142 120
142 120
143 121
143 121
143 121
143 121
143 121
144 123
144 123
144 123
144 123
144 123
145 123
145 123
145 123
145 123
145 123
146 125
146 125
146 125
146 125
146 125
147 126
147 126
147 126
147 126
147 126
148 127
148 127
148 127
148 127
148 127
149 128
149 128
149 128
149 128
149 128
150 128
150 128
150 128
150 128
150 128
151 129
151 129
151 129
151 129
151 129
152 130
152 130
152 130
152 130
152 130
153 131
153 131
153 131
153 131
153 131
154 132
154 132
154 132
154 132
154 132
155 133
155 133
155 133
155 133
155 133
156 134
156 134
156 134
156 134
156 134
157 135
157 135
157 135
157 135
157 135
158 137
158 137
158 137
158 137
158 137
159 137
159 137
159 137
159 137
159 137
160 138
160 138
160 138
160 138
160 138
161 139
161 139
161 139
161 139
161 139
162 140
162 140
162 140
162 140
162 140
163 141
163 141
163 141
163 141
163 141
164 143
164 143
164 143
164 143
164 143
165 143
165 143
165 143
165 143
165 143
166 144
166 144
166 144
166 144
166 144
167 145
167 145
167 145
167 145
167 145
168 145
168 145
168 145
168 145
168 145
169 147
169 147
169 147
169 147
169 147
170 148
170 148
170 148
170 148
170 148
171 149
171 149
171 149
171 149
171 149
172 149
172 149
172 149
172 149
172 149
173 150
173 150
173 150
173 150
173 150
174 152
174 152
174 152
174 152
174 152
175 152
175 152
175 152
175 152
175 152
176 155
176 155
176 155
176 155
176 155
177 156
177 156
177 156
177 156
177 156
178 155
178 155
178 155
178 155
178 155
179 157
179 157
179 157
179 157
179 157
180 158
180 158
180 158
180 158
180 158
181 159
181 159
181 159
181 159
181 159
182 160
182 160
182 160
182 160
182 160
183 162
183 162
183 162
183 162
183 162
184 162
184 162
184 162
184 162
184 162
185 162
185 162
185 162
185 162
185 162
186 164
186 164
186 164
186 164
186 164
187 166
187 166
187 166
187 166
187 166
188 165
188 165
188 165
188 165
188 165
189 167
189 167
189 167
189 167
189 167
190 167
190 167
190 167
190 167
190 167
191 169
191 169
191 169
191 169
191 169
192 169
192 169
192 169
192 169
192 169
193 171
193 171
193 171
193 171
193 171
194 171
194 171
194 171
194 171
194 171
195 173
195 173
195 173
195 173
195 173
196 174
196 174
196 174
196 174
196 174
197 175
197 175
197 175
197 175
197 175
198 175
198 175
198 175
198 175
198 175
199 177
199 177
199 177
199 177
199 177
200 179
200 179
200 179
200 179
200 179
201 180
201 180
201 180
201 180
201 180
202 180
202 180
202 180
202 180
202 180
203 182
203 182
203 182
203 182
203 182
204 182
204 182
204 182
204 182
204 182
205 183
205 183
205 183
205 183
205 183
206 183
206 183
206 183
206 183
206 183
207 183
207 183
207 183
207 183
207 183
208 185
208 185
208 185
208 185
208 185
209 185
209 185
209 185
209 185
209 185
210 188
210 188
210 188
210 188
210 188
211 188
211 188
211 188
211 188
211 188
212 190
212 190
212 190
212 190
212 190
213 190
213 190
213 190
213 190
213 190
214 190
214 190
214 190
214 190
214 190
215 193
215 193
215 193
215 193
215 193
216 194
216 194
216 194
216 194
216 194
217 195
217 195
217 195
217 195
217 195
218 195
218 195
218 195
218 195
218 195
219 195
219 195
219 195
219 195
219 195
220 198
220 198
220 198
220 198
220 198
221 198
221 198
221 198
221 198
221 198
222 198
222 198
222 198
222 198
222 198
223 200
223 200
223 200
223 200
223 200
224 200
224 200
224 200
224 200
224 200
225 203
225 203
225 203
225 203
225 203
226 202
226 202
226 202
226 202
226 202
227 203
227 203
227 203
227 203
227 203
228 205
228 205
228 205
228 205
228 205
229 205
229 205
229 205
229 205
229 205
230 207
230 207
230 207
230 207
230 207
231 209
231 209
231 209
231 209
231 209
232 208
232 208
232 208
232 208
232 208
233 209
233 209
233 209
233 209
233 209
234 212
234 212
234 212
234 212
234 212
235 214
235 214
235 214
235 214
235 214
236 212
236 212
236 212
236 212
236 212
237 215
237 215
237 215
237 215
237 215
238 215
238 215
238 215
238 215
238 215
239 215
239 215
239 215
239 215
239 215
240 217
240 217
240 217
240 217
240 217
241 217
241 217
241 217
241 217
241 217
242 217
242 217
242 217
242 217
242 217
243 219
243 219
243 219
243 219
243 219
244 219
244 219
244 219
244 219
244 219
245 219
245 219
245 219
245 219
245 219
246 219
246 219
246 219
246 219
246 219
247 223
247 223
247 223
247 223
247 223
248 223
248 223
248 223
248 223
248 223
249 223
249 223
249 223
249 223
249 223
250 227
250 227
250 227
250 227
250 227
251 227
251 227
251 227
251 227
251 227
252 227
252 227
252 227
252 227
252 227
253 227
253 227
253 227
253 227
253 227
254 230
254 230
254 230
254 230
254 230
255 230
255 230
255 230
255 230
255 230
256 230
256 230
256 230
256 230
256 230
257 233
257 233
257 233
257 233
257 233
258 233
258 233
258 233
258 233
258 233
259 233
259 233
259 233
259 233
259 233
260 233
260 233
260 233
260 233
260 233
261 239
261 239
261 239
261 239
261 239
262 239
262 239
262 239
262 239
262 239
263 239
263 239
263 239
263 239
263 239
264 239
264 239
264 239
264 239
264 239
265 242
265 242
265 242
265 242
265 242
266 242
266 242
266 242
266 242
266 242
267 242
267 242
267 242
267 242
267 242
268 241
268 241
268 241
268 241
268 241
269 247
269 247
269 247
269 247
269 247
270 247
270 247
270 247
270 247
270 247
271 247
271 247
271 247
271 247
271 247
272 247
272 247
272 247
272 247
272 247
273 250
273 250
273 250
273 250
273 250
274 251
274 251
274 251
274 251
274 251
275 251
275 251
275 251
275 251
275 251
276 251
276 251
276 251
276 251
276 251
277 251
277 251
277 251
277 251
277 251
278 254
278 254
278 254
278 254
278 254
279 253
279 253
279 253
279 253
279 253
280 253
280 253
280 253
280 253
280 253
281 256
281 256
281 256
281 256
281 256
282 256
282 256
282 256
282 256
282 256
283 256
283 256
283 256
283 256
283 256
284 259
284 259
284 259
284 259
284 259
285 258
285 258
285 258
285 258
285 258
286 261
286 261
286 261
286 261
286 261
287 261
287 261
287 261
287 261
287 261
288 261
288 261
288 261
288 261
288 261
289 261
289 261
289 261
289 261
289 261
290 264
290 264
290 264
290 264
290 264
291 266
291 266
291 266
291 266
291 266
292 266
292 266
292 266
292 266
292 266
293 266
293 266
293 266
293 266
293 266
294 266
294 266
294 266
294 266
294 266
295 266
295 266
295 266
295 266
295 266
296 267
296 267
296 267
296 267
296 267
297 272
297 272
297 272
297 272
297 272
298 270
298 270
298 270
298 270
298 270
299 270
299 270
299 270
299 270
299 270
300 270
300 270
300 270
300 270
300 270
301 271
301 271
301 271
301 271
301 271
302 274
302 274
302 274
302 274
302 274
303 274
303 274
303 274
303 274
303 274
304 275
304 275
304 275
304 275
304 275
305 275
305 275
305 275
305 275
305 275
306 275
306 275
306 275
306 275
306 275
307 282
307 282
307 282
307 282
307 282
308 282
308 282
308 282
308 282
308 282
309 282
309 282
309 282
309 282
309 282
310 284
310 284
310 284
310 284
310 284
311 282
311 282
311 282
311 282
311 282
312 288
312 288
312 288
312 288
312 288
313 288
313 288
313 288
313 288
313 288
314 288
314 288
314 288
314 288
314 288
315 288
315 288
315 288
315 288
315 288
316 288
316 288
316 288
316 288
316 288
317 288
317 288
317 288
317 288
317 288
318 296
318 296
318 296
318 296
318 296
319 297
319 297
319 297
319 297
319 297
320 295
320 295
320 295
320 295
320 295
321 297
321 297
321 297
321 297
321 297
322 295
322 295
322 295
322 295
322 295
323 297
323 297
323 297
323 297
323 297
324 300
324 300
324 300
324 300
324 300
325 300
325 300
325 300
325 300
325 300
326 300
326 300
326 300
326 300
326 300
327 300
327 300
327 300
327 300
327 300
328 300
328 300
328 300
328 300
328 300
329 301
329 301
329 301
329 301
329 301
330 306
330 306
330 306
330 306
330 306
331 303
331 303
331 303
331 303
331 303
332 306
332 306
332 306
332 306
332 306
333 308
333 308
333 308
333 308
333 308
334 306
334 306
334 306
334 306
334 306
335 306
335 306
335 306
335 306
335 306
336 306
336 306
336 306
336 306
336 306
337 313
337 313
337 313
337 313
337 313
338 313
338 313
338 313
338 313
338 313
339 313
339 313
339 313
339 313
339 313
340 313
340 313
340 313
340 313
340 313
341 313
341 313
341 313
341 313
341 313
342 316
342 316
342 316
342 316
342 316
343 319
343 319
343 319
343 319
343 319
344 319
344 319
344 319
344 319
344 319
345 319
345 319
345 319
345 319
345 319
346 319
346 319
346 319
346 319
346 319
347 319
347 319
347 319
347 319
347 319
348 319
348 319
348 319
348 319
348 319
349 319
349 319
349 319
349 319
349 319
350 324
350 324
350 324
350 324
350 324
351 324
351 324
351 324
351 324
351 324
352 324
352 324
352 324
352 324
352 324
353 324
353 324
353 324
353 324
353 324
354 324
354 324
354 324
354 324
354 324
355 324
355 324
355 324
355 324
355 324
356 330
356 330
356 330
356 330
356 330
357 324
357 324
357 324
357 324
357 324
358 332
358 332
358 332
358 332
358 332
359 336
359 336
359 336
359 336
359 336
360 334
360 334
360 334
360 334
360 334
361 336
361 336
361 336
361 336
361 336
362 334
362 334
362 334
362 334
362 334
363 334
363 334
363 334
363 334
363 334
364 336
364 336
364 336
364 336
364 336
365 334
365 334
365 334
365 334
365 334
366 344
366 344
366 344
366 344
366 344
367 342
367 342
367 342
367 342
367 342
368 342
368 342
368 342
368 342
368 342
369 344
369 344
369 344
369 344
369 344
370 344
370 344
370 344
370 344
370 344
371 342
371 342
371 342
371 342
371 342
372 344
372 344
372 344
372 344
372 344
373 345
373 345
373 345
373 345
373 345
374 344
374 344
374 344
374 344
374 344
375 350
375 350
375 350
375 350
375 350
376 350
376 350
376 350
376 350
376 350
377 350
377 350
377 350
377 350
377 350
378 350
378 350
378 350
378 350
378 350
379 350
379 350
379 350
379 350
379 350
380 350
380 350
380 350
380 350
380 350
381 350
381 350
381 350
381 350
381 350
382 355
382 355
382 355
382 355
382 355
383 359
383 359
383 359
383 359
383 359
384 359
384 359
384 359
384 359
384 359
385 359
385 359
385 359
385 359
385 359
386 359
386 359
386 359
386 359
386 359
387 359
387 359
387 359
387 359
387 359
388 359
388 359
388 359
388 359
388 359
389 359
389 359
389 359
389 359
389 359
390 359
390 359
390 359
390 359
390 359
391 359
391 359
391 359
391 359
391 359
392 369
392 369
392 369
392 369
392 369
393 369
393 369
393 369
393 369
393 369
