(Round 2: sensor on bottom, again, may need to remove last couple points)
34 70
34 70
34 70
34 70
34 70
35 70
35 70
35 70
35 70
35 70
36 800
36 800
36 800
36 800
36 800
37 359
37 359
37 359
37 359
37 359
38 205
38 205
38 205
38 205
38 205
39 160
39 160
39 160
39 160
39 160
40 156
40 156
40 156
40 156
40 156
41 149
41 149
41 149
41 149
41 149
42 149
42 149
42 149
42 149
42 149
43 152
43 152
43 152
43 152
43 152
44 152
44 152
44 152
44 152
44 152
45 143
45 143
45 143
45 143
45 143
46 132
46 132
46 132
46 132
46 132
47 129
47 129
47 129
47 129
47 129
48 126
48 126
48 126
48 126
48 126
49 125
49 125
49 125
49 125
49 125
50 126
50 126
50 126
50 126
50 126
51 128
51 128
51 128
51 128
51 128
52 136
52 136
52 136
52 136
52 136
53 149
53 149
53 149
53 149
53 149
54 166
54 166
54 166
54 166
54 166
55 183
55 183
55 183
55 183
55 183
56 192
56 192
56 192
56 192
56 192
57 190
57 190
57 190
57 190
57 190
58 175
58 175
58 175
58 175
58 175
59 155
59 155
59 155
59 155
59 155
60 138
60 138
60 138
60 138
60 138
61 125
61 125
61 125
61 125
61 125
62 116
62 116
62 116
62 116
62 116
63 109
63 109
63 109
63 109
63 109
64 106
64 106
64 106
64 106
64 106
65 103
65 103
65 103
65 103
65 103
66 101
66 101
66 101
66 101
66 101
67 100
67 100
67 100
67 100
67 100
68 99
68 99
68 99
68 99
68 99
69 99
69 99
69 99
69 99
69 99
70 99
70 99
70 99
70 99
70 99
71 99
71 99
71 99
71 99
71 99
72 99
72 99
72 99
72 99
72 99
73 99
73 99
73 99
73 99
73 99
74 100
74 100
74 100
74 100
74 100
75 99
75 99
75 99
75 99
75 99
76 99
76 99
76 99
76 99
76 99
77 99
77 99
77 99
77 99
77 99
78 98
78 98
78 98
78 98
78 98
79 97
79 97
79 97
79 97
79 97
80 96
80 96
80 96
80 96
80 96
81 95
81 95
81 95
81 95
81 95
82 94
82 94
82 94
82 94
82 94
83 93
83 93
83 93
83 93
83 93
84 92
84 92
84 92
84 92
84 92
85 91
85 91
85 91
85 91
85 91
86 91
86 91
86 91
86 91
86 91
87 91
87 91
87 91
87 91
87 91
88 91
88 91
88 91
88 91
88 91
89 90
89 90
89 90
89 90
89 90
90 90
90 90
90 90
90 90
90 90
91 90
91 90
91 90
91 90
91 90
92 90
92 90
92 90
92 90
92 90
93 90
93 90
93 90
93 90
93 90
94 90
94 90
94 90
94 90
94 90
95 90
95 90
95 90
95 90
95 90
96 90
96 90
96 90
96 90
96 90
97 90
97 90
97 90
97 90
97 90
98 90
98 90
98 90
98 90
98 90
99 90
99 90
99 90
99 90
99 90
100 91
100 91
100 91
100 91
100 91
101 90
101 90
101 90
101 90
101 90
102 90
102 90
102 90
102 90
102 90
103 90
103 90
103 90
103 90
103 90
104 91
104 91
104 91
104 91
104 91
105 91
105 91
105 91
105 91
105 91
106 91
106 91
106 91
106 91
106 91
107 92
107 92
107 92
107 92
107 92
108 92
108 92
108 92
108 92
108 92
109 92
109 92
109 92
109 92
109 92
110 93
110 93
110 93
110 93
110 93
111 95
111 95
111 95
111 95
111 95
112 95
112 95
112 95
112 95
112 95
113 96
113 96
113 96
113 96
113 96
114 97
114 97
114 97
114 97
114 97
115 97
115 97
115 97
115 97
115 97
116 99
116 99
116 99
116 99
116 99
117 99
117 99
117 99
117 99
117 99
118 100
118 100
118 100
118 100
118 100
119 101
119 101
119 101
119 101
119 101
120 103
120 103
120 103
120 103
120 103
121 103
121 103
121 103
121 103
121 103
122 104
122 104
122 104
122 104
122 104
123 105
123 105
123 105
123 105
123 105
124 107
124 107
124 107
124 107
124 107
125 107
125 107
125 107
125 107
125 107
126 108
126 108
126 108
126 108
126 108
127 109
127 109
127 109
127 109
127 109
128 110
128 110
128 110
128 110
128 110
129 111
129 111
129 111
129 111
129 111
130 112
130 112
130 112
130 112
130 112
131 113
131 113
131 113
131 113
131 113
132 115
132 115
132 115
132 115
132 115
133 115
133 115
133 115
133 115
133 115
134 116
134 116
134 116
134 116
134 116
135 117
135 117
135 117
135 117
135 117
136 119
136 119
136 119
136 119
136 119
137 119
137 119
137 119
137 119
137 119
138 121
138 121
138 121
138 121
138 121
139 122
139 122
139 122
139 122
139 122
140 122
140 122
140 122
140 122
140 122
141 123
141 123
141 123
141 123
141 123
142 124
142 124
142 124
142 124
142 124
143 125
143 125
143 125
143 125
143 125
144 126
144 126
144 126
144 126
144 126
145 127
145 127
145 127
145 127
145 127
146 128
146 128
146 128
146 128
146 128
147 129
147 129
147 129
147 129
147 129
148 130
148 130
148 130
148 130
148 130
149 131
149 131
149 131
149 131
149 131
150 132
150 132
150 132
150 132
150 132
151 133
151 133
151 133
151 133
151 133
152 134
152 134
152 134
152 134
152 134
153 134
153 134
153 134
153 134
153 134
154 135
154 135
154 135
154 135
154 135
155 138
155 138
155 138
155 138
155 138
156 138
156 138
156 138
156 138
156 138
157 139
157 139
157 139
157 139
157 139
158 140
158 140
158 140
158 140
158 140
159 141
159 141
159 141
159 141
159 141
160 142
160 142
160 142
160 142
160 142
161 143
161 143
161 143
161 143
161 143
162 144
162 144
162 144
162 144
162 144
163 145
163 145
163 145
163 145
163 145
164 145
164 145
164 145
164 145
164 145
165 147
165 147
165 147
165 147
165 147
166 148
166 148
166 148
166 148
166 148
167 149
167 149
167 149
167 149
167 149
168 149
168 149
168 149
168 149
168 149
169 150
169 150
169 150
169 150
169 150
170 152
170 152
170 152
170 152
170 152
171 152
171 152
171 152
171 152
171 152
172 154
172 154
172 154
172 154
172 154
173 155
173 155
173 155
173 155
173 155
174 156
174 156
174 156
174 156
174 156
175 157
175 157
175 157
175 157
175 157
176 159
176 159
176 159
176 159
176 159
177 159
177 159
177 159
177 159
177 159
178 160
178 160
178 160
178 160
178 160
179 161
179 161
179 161
179 161
179 161
180 162
180 162
180 162
180 162
180 162
181 163
181 163
181 163
181 163
181 163
182 164
182 164
182 164
182 164
182 164
183 165
183 165
183 165
183 165
183 165
184 165
184 165
184 165
184 165
184 165
185 167
185 167
185 167
185 167
185 167
186 169
186 169
186 169
186 169
186 169
187 169
187 169
187 169
187 169
187 169
188 171
188 171
188 171
188 171
188 171
189 171
189 171
189 171
189 171
189 171
190 173
190 173
190 173
190 173
190 173
191 173
191 173
191 173
191 173
191 173
192 177
192 177
192 177
192 177
192 177
193 175
193 175
193 175
193 175
193 175
194 177
194 177
194 177
194 177
194 177
195 177
195 177
195 177
195 177
195 177
196 180
196 180
196 180
196 180
196 180
197 180
197 180
197 180
197 180
197 180
198 181
198 181
198 181
198 181
198 181
199 182
199 182
199 182
199 182
199 182
200 183
200 183
200 183
200 183
200 183
201 183
201 183
201 183
201 183
201 183
202 185
202 185
202 185
202 185
202 185
203 185
203 185
203 185
203 185
203 185
204 185
204 185
204 185
204 185
204 185
205 187
205 187
205 187
205 187
205 187
206 187
206 187
206 187
206 187
206 187
207 190
207 190
207 190
207 190
207 190
208 190
208 190
208 190
208 190
208 190
209 190
209 190
209 190
209 190
209 190
210 193
210 193
210 193
210 193
210 193
211 192
211 192
211 192
211 192
211 192
212 195
212 195
212 195
212 195
212 195
213 195
213 195
213 195
213 195
213 195
214 198
214 198
214 198
214 198
214 198
215 197
215 197
215 197
215 197
215 197
216 198
216 198
216 198
216 198
216 198
217 200
217 200
217 200
217 200
217 200
218 199
218 199
218 199
218 199
218 199
219 203
219 203
219 203
219 203
219 203
220 203
220 203
220 203
220 203
220 203
221 202
221 202
221 202
221 202
221 202
222 205
222 205
222 205
222 205
222 205
223 205
223 205
223 205
223 205
223 205
224 205
224 205
224 205
224 205
224 205
225 208
225 208
225 208
225 208
225 208
226 209
226 209
226 209
226 209
226 209
227 208
227 208
227 208
227 208
227 208
228 212
228 212
228 212
228 212
228 212
229 212
229 212
229 212
229 212
229 212
230 212
230 212
230 212
230 212
230 212
231 215
231 215
231 215
231 215
231 215
232 215
232 215
232 215
232 215
232 215
233 215
233 215
233 215
233 215
233 215
234 217
234 217
234 217
234 217
234 217
235 217
235 217
235 217
235 217
235 217
236 217
236 217
236 217
236 217
236 217
237 219
237 219
237 219
237 219
237 219
238 219
238 219
238 219
238 219
238 219
239 219
239 219
239 219
239 219
239 219
240 223
240 223
240 223
240 223
240 223
241 221
241 221
241 221
241 221
241 221
242 223
242 223
242 223
242 223
242 223
243 224
243 224
243 224
243 224
243 224
244 227
244 227
244 227
244 227
244 227
245 227
245 227
245 227
245 227
245 227
246 229
246 229
246 229
246 229
246 229
247 230
247 230
247 230
247 230
247 230
248 230
248 230
248 230
248 230
248 230
249 230
249 230
249 230
249 230
249 230
250 231
250 231
250 231
250 231
250 231
251 233
251 233
251 233
251 233
251 233
252 233
252 233
252 233
252 233
252 233
253 233
253 233
253 233
253 233
253 233
254 237
254 237
254 237
254 237
254 237
255 239
255 239
255 239
255 239
255 239
256 239
256 239
256 239
256 239
256 239
257 237
257 237
257 237
257 237
257 237
258 242
258 242
258 242
258 242
258 242
259 242
259 242
259 242
259 242
259 242
260 242
260 242
260 242
260 242
260 242
261 242
261 242
261 242
261 242
261 242
262 247
262 247
262 247
262 247
262 247
263 247
263 247
263 247
263 247
263 247
264 247
264 247
264 247
264 247
264 247
265 247
265 247
265 247
265 247
265 247
266 247
266 247
266 247
266 247
266 247
267 251
267 251
267 251
267 251
267 251
268 251
268 251
268 251
268 251
268 251
269 251
269 251
269 251
269 251
269 251
270 253
270 253
270 253
270 253
270 253
271 253
271 253
271 253
271 253
271 253
272 253
272 253
272 253
272 253
272 253
273 253
273 253
273 253
273 253
273 253
274 254
274 254
274 254
274 254
274 254
275 256
275 256
275 256
275 256
275 256
276 256
276 256
276 256
276 256
276 256
277 256
277 256
277 256
277 256
277 256
278 256
278 256
278 256
278 256
278 256
279 261
279 261
279 261
279 261
279 261
280 261
280 261
280 261
280 261
280 261
281 261
281 261
281 261
281 261
281 261
282 261
282 261
282 261
282 261
282 261
283 267
283 267
283 267
283 267
283 267
284 266
284 266
284 266
284 266
284 266
285 266
285 266
285 266
285 266
285 266
286 266
286 266
286 266
286 266
286 266
287 266
287 266
287 266
287 266
287 266
288 270
288 270
288 270
288 270
288 270
289 270
289 270
289 270
289 270
289 270
290 270
290 270
290 270
290 270
290 270
291 270
291 270
291 270
291 270
291 270
292 270
292 270
292 270
292 270
292 270
293 272
293 272
293 272
293 272
293 272
294 274
294 274
294 274
294 274
294 274
295 274
295 274
295 274
295 274
295 274
296 274
296 274
296 274
296 274
296 274
297 275
297 275
297 275
297 275
297 275
298 276
298 276
298 276
298 276
298 276
299 279
299 279
299 279
299 279
299 279
300 282
300 282
300 282
300 282
300 282
301 282
301 282
301 282
301 282
301 282
302 284
302 284
302 284
302 284
302 284
303 282
303 282
303 282
303 282
303 282
304 287
304 287
304 287
304 287
304 287
305 288
305 288
305 288
305 288
305 288
306 291
306 291
306 291
306 291
306 291
307 288
307 288
307 288
307 288
307 288
308 288
308 288
308 288
308 288
308 288
309 288
309 288
309 288
309 288
309 288
310 296
310 296
310 296
310 296
310 296
311 295
311 295
311 295
311 295
311 295
312 297
312 297
312 297
312 297
312 297
313 295
313 295
313 295
313 295
313 295
314 295
314 295
314 295
314 295
314 295
315 295
315 295
315 295
315 295
315 295
316 300
316 300
316 300
316 300
316 300
317 300
317 300
317 300
317 300
317 300
318 300
318 300
318 300
318 300
318 300
319 299
319 299
319 299
319 299
319 299
320 300
320 300
320 300
320 300
320 300
321 300
321 300
321 300
321 300
321 300
322 300
322 300
322 300
322 300
322 300
323 306
323 306
323 306
323 306
323 306
324 306
324 306
324 306
324 306
324 306
325 306
325 306
325 306
325 306
325 306
326 306
326 306
326 306
326 306
326 306
327 308
327 308
327 308
327 308
327 308
328 306
328 306
328 306
328 306
328 306
329 313
329 313
329 313
329 313
329 313
330 313
330 313
330 313
330 313
330 313
331 313
331 313
331 313
331 313
331 313
332 313
332 313
332 313
332 313
332 313
333 313
333 313
333 313
333 313
333 313
334 313
334 313
334 313
334 313
334 313
335 319
335 319
335 319
335 319
335 319
336 319
336 319
336 319
336 319
336 319
337 319
337 319
337 319
337 319
337 319
338 319
338 319
338 319
338 319
338 319
339 319
339 319
339 319
339 319
339 319
340 319
340 319
340 319
340 319
340 319
341 321
341 321
341 321
341 321
341 321
342 319
342 319
342 319
342 319
342 319
343 324
343 324
343 324
343 324
343 324
344 324
344 324
344 324
344 324
344 324
345 324
345 324
345 324
345 324
345 324
346 324
346 324
346 324
346 324
346 324
347 324
347 324
347 324
347 324
347 324
348 324
348 324
348 324
348 324
348 324
349 324
349 324
349 324
349 324
349 324
350 332
350 332
350 332
350 332
350 332
351 334
351 334
351 334
351 334
351 334
352 336
352 336
352 336
352 336
352 336
353 336
353 336
353 336
353 336
353 336
354 336
354 336
354 336
354 336
354 336
355 336
355 336
355 336
355 336
355 336
356 336
356 336
356 336
356 336
356 336
357 342
357 342
357 342
357 342
357 342
358 345
358 345
358 345
358 345
358 345
359 344
359 344
359 344
359 344
359 344
360 344
360 344
360 344
360 344
360 344
361 342
361 342
361 342
361 342
361 342
362 344
362 344
362 344
362 344
362 344
363 344
363 344
363 344
363 344
363 344
364 342
364 342
364 342
364 342
364 342
365 342
365 342
365 342
365 342
365 342
366 350
366 350
366 350
366 350
366 350
367 350
367 350
367 350
367 350
367 350
368 350
368 350
368 350
368 350
368 350
369 350
369 350
369 350
369 350
369 350
370 356
370 356
370 356
370 356
370 356
371 350
371 350
371 350
371 350
371 350
372 350
372 350
372 350
372 350
372 350
373 350
373 350
373 350
373 350
373 350
374 350
374 350
374 350
374 350
374 350
375 359
375 359
375 359
375 359
375 359
376 359
376 359
376 359
376 359
376 359
377 359
377 359
377 359
377 359
377 359
378 359
378 359
378 359
378 359
378 359
379 359
379 359
379 359
379 359
379 359
380 359
380 359
380 359
380 359
380 359
381 359
381 359
381 359
381 359
381 359
382 359
382 359
382 359
382 359
382 359
383 359
383 359
383 359
383 359
383 359
384 366
384 366
384 366
384 366
384 366
385 369
385 369
385 369
385 369
385 369
386 375
386 375
386 375
386 375
386 375
387 369
387 369
387 369
387 369
387 369
388 369
388 369
388 369
388 369
388 369
389 369
389 369
389 369
389 369
389 369
390 369
390 369
390 369
390 369
390 369
391 369
391 369
391 369
391 369
391 369
392 369
392 369
392 369
392 369
392 369
393 378
393 378
393 378
393 378
393 378
