34 70
34 70
34 70
34 70
34 70
35 70
35 70
35 70
35 70
35 70
36 751
36 751
36 751
36 751
36 751
37 270
37 270
37 270
37 270
37 270
38 177
38 177
38 177
38 177
38 177
39 156
39 156
39 156
39 156
39 156
40 152
40 152
40 152
40 152
40 152
41 149
41 149
41 149
41 149
41 149
42 154
42 154
42 154
42 154
42 154
43 151
43 151
43 151
43 151
43 151
44 141
44 141
44 141
44 141
44 141
45 133
45 133
45 133
45 133
45 133
46 129
46 129
46 129
46 129
46 129
47 126
47 126
47 126
47 126
47 126
48 125
48 125
48 125
48 125
48 125
49 126
49 126
49 126
49 126
49 126
50 129
50 129
50 129
50 129
50 129
51 137
51 137
51 137
51 137
51 137
52 152
52 152
52 152
52 152
52 152
53 169
53 169
53 169
53 169
53 169
54 183
54 183
54 183
54 183
54 183
55 193
55 193
55 193
55 193
55 193
56 190
56 190
56 190
56 190
56 190
57 177
57 177
57 177
57 177
57 177
58 157
58 157
58 157
58 157
58 157
59 138
59 138
59 138
59 138
59 138
60 124
60 124
60 124
60 124
60 124
61 117
61 117
61 117
61 117
61 117
62 109
62 109
62 109
62 109
62 109
63 105
63 105
63 105
63 105
63 105
64 103
64 103
64 103
64 103
64 103
65 100
65 100
65 100
65 100
65 100
66 100
66 100
66 100
66 100
66 100
67 99
67 99
67 99
67 99
67 99
68 99
68 99
68 99
68 99
68 99
69 99
69 99
69 99
69 99
69 99
70 100
70 100
70 100
70 100
70 100
71 101
71 101
71 101
71 101
71 101
72 101
72 101
72 101
72 101
72 101
73 100
73 100
73 100
73 100
73 100
74 101
74 101
74 101
74 101
74 101
75 99
75 99
75 99
75 99
75 99
76 99
76 99
76 99
76 99
76 99
77 98
77 98
77 98
77 98
77 98
78 97
78 97
78 97
78 97
78 97
79 96
79 96
79 96
79 96
79 96
80 94
80 94
80 94
80 94
80 94
81 93
81 93
81 93
81 93
81 93
82 92
82 92
82 92
82 92
82 92
83 92
83 92
83 92
83 92
83 92
84 91
84 91
84 91
84 91
84 91
85 91
85 91
85 91
85 91
85 91
86 91
86 91
86 91
86 91
86 91
87 90
87 90
87 90
87 90
87 90
88 91
88 91
88 91
88 91
88 91
89 90
89 90
89 90
89 90
89 90
90 90
90 90
90 90
90 90
90 90
91 91
91 91
91 91
91 91
91 91
92 90
92 90
92 90
92 90
92 90
93 90
93 90
93 90
93 90
93 90
94 91
94 91
94 91
94 91
94 91
95 90
95 90
95 90
95 90
95 90
96 90
96 90
96 90
96 90
96 90
97 90
97 90
97 90
97 90
97 90
98 90
98 90
98 90
98 90
98 90
99 90
99 90
99 90
99 90
99 90
100 90
100 90
100 90
100 90
100 90
101 91
101 91
101 91
101 91
101 91
102 91
102 91
102 91
102 91
102 91
103 91
103 91
103 91
103 91
103 91
104 91
104 91
104 91
104 91
104 91
105 92
105 92
105 92
105 92
105 92
106 92
106 92
106 92
106 92
106 92
107 93
107 93
107 93
107 93
107 93
108 94
108 94
108 94
108 94
108 94
109 95
109 95
109 95
109 95
109 95
110 96
110 96
110 96
110 96
110 96
111 97
111 97
111 97
111 97
111 97
112 98
112 98
112 98
112 98
112 98
113 98
113 98
113 98
113 98
113 98
114 99
114 99
114 99
114 99
114 99
115 100
115 100
115 100
115 100
115 100
116 101
116 101
116 101
116 101
116 101
117 102
117 102
117 102
117 102
117 102
118 104
118 104
118 104
118 104
118 104
119 105
119 105
119 105
119 105
119 105
120 105
120 105
120 105
120 105
120 105
121 108
121 108
121 108
121 108
121 108
122 107
122 107
122 107
122 107
122 107
123 110
123 110
123 110
123 110
123 110
124 110
124 110
124 110
124 110
124 110
125 111
125 111
125 111
125 111
125 111
126 113
126 113
126 113
126 113
126 113
127 113
127 113
127 113
127 113
127 113
128 115
128 115
128 115
128 115
128 115
129 115
129 115
129 115
129 115
129 115
130 116
130 116
130 116
130 116
130 116
131 117
131 117
131 117
131 117
131 117
132 118
132 118
132 118
132 118
132 118
133 120
133 120
133 120
133 120
133 120
134 120
134 120
134 120
134 120
134 120
135 122
135 122
135 122
135 122
135 122
136 123
136 123
136 123
136 123
136 123
137 124
137 124
137 124
137 124
137 124
138 124
138 124
138 124
138 124
138 124
139 126
139 126
139 126
139 126
139 126
140 127
140 127
140 127
140 127
140 127
141 127
141 127
141 127
141 127
141 127
142 128
142 128
142 128
142 128
142 128
143 130
143 130
143 130
143 130
143 130
144 131
144 131
144 131
144 131
144 131
145 132
145 132
145 132
145 132
145 132
146 132
146 132
146 132
146 132
146 132
147 134
147 134
147 134
147 134
147 134
148 135
148 135
148 135
148 135
148 135
149 135
149 135
149 135
149 135
149 135
150 137
150 137
150 137
150 137
150 137
151 138
151 138
151 138
151 138
151 138
152 139
152 139
152 139
152 139
152 139
153 140
153 140
153 140
153 140
153 140
154 141
154 141
154 141
154 141
154 141
155 143
155 143
155 143
155 143
155 143
156 143
156 143
156 143
156 143
156 143
157 144
157 144
157 144
157 144
157 144
158 145
158 145
158 145
158 145
158 145
159 147
159 147
159 147
159 147
159 147
160 147
160 147
160 147
160 147
160 147
161 148
161 148
161 148
161 148
161 148
162 149
162 149
162 149
162 149
162 149
163 150
163 150
163 150
163 150
163 150
164 150
164 150
164 150
164 150
164 150
165 152
165 152
165 152
165 152
165 152
166 153
166 153
166 153
166 153
166 153
167 154
167 154
167 154
167 154
167 154
168 156
168 156
168 156
168 156
168 156
169 156
169 156
169 156
169 156
169 156
170 157
170 157
170 157
170 157
170 157
171 159
171 159
171 159
171 159
171 159
172 160
172 160
172 160
172 160
172 160
173 160
173 160
173 160
173 160
173 160
174 162
174 162
174 162
174 162
174 162
175 164
175 164
175 164
175 164
175 164
176 164
176 164
176 164
176 164
176 164
177 165
177 165
177 165
177 165
177 165
178 166
178 166
178 166
178 166
178 166
179 167
179 167
179 167
179 167
179 167
180 169
180 169
180 169
180 169
180 169
181 169
181 169
181 169
181 169
181 169
182 171
182 171
182 171
182 171
182 171
183 171
183 171
183 171
183 171
183 171
184 173
184 173
184 173
184 173
184 173
185 174
185 174
185 174
185 174
185 174
186 175
186 175
186 175
186 175
186 175
187 175
187 175
187 175
187 175
187 175
188 177
188 177
188 177
188 177
188 177
189 178
189 178
189 178
189 178
189 178
190 180
190 180
190 180
190 180
190 180
191 180
191 180
191 180
191 180
191 180
192 181
192 181
192 181
192 181
192 181
193 182
193 182
193 182
193 182
193 182
194 183
194 183
194 183
194 183
194 183
195 183
195 183
195 183
195 183
195 183
196 185
196 185
196 185
196 185
196 185
197 185
197 185
197 185
197 185
197 185
198 187
198 187
198 187
198 187
198 187
199 187
199 187
199 187
199 187
199 187
200 190
200 190
200 190
200 190
200 190
201 191
201 191
201 191
201 191
201 191
202 193
202 193
202 193
202 193
202 193
203 193
203 193
203 193
203 193
203 193
204 193
204 193
204 193
204 193
204 193
205 195
205 195
205 195
205 195
205 195
206 195
206 195
206 195
206 195
206 195
207 198
207 198
207 198
207 198
207 198
208 197
208 197
208 197
208 197
208 197
209 200
209 200
209 200
209 200
209 200
210 200
210 200
210 200
210 200
210 200
211 200
211 200
211 200
211 200
211 200
212 203
212 203
212 203
212 203
212 203
213 203
213 203
213 203
213 203
213 203
214 202
214 202
214 202
214 202
214 202
215 205
215 205
215 205
215 205
215 205
216 205
216 205
216 205
216 205
216 205
217 208
217 208
217 208
217 208
217 208
218 209
218 209
218 209
218 209
218 209
219 209
219 209
219 209
219 209
219 209
220 212
220 212
220 212
220 212
220 212
221 212
221 212
221 212
221 212
221 212
222 212
222 212
222 212
222 212
222 212
223 215
223 215
223 215
223 215
223 215
224 215
224 215
224 215
224 215
224 215
225 215
225 215
225 215
225 215
225 215
226 217
226 217
226 217
226 217
226 217
227 217
227 217
227 217
227 217
227 217
228 217
228 217
228 217
228 217
228 217
229 219
229 219
229 219
229 219
229 219
230 218
230 218
230 218
230 218
230 218
231 218
231 218
231 218
231 218
231 218
232 223
232 223
232 223
232 223
232 223
233 223
233 223
233 223
233 223
233 223
