34 70
34 70
34 70
34 70
34 70
35 70
35 70
35 70
35 70
35 70
36 718
36 718
36 718
36 718
36 718
37 254
37 254
37 254
37 254
37 254
38 176
38 176
38 176
38 176
38 176
39 154
39 154
39 154
39 154
39 154
40 152
40 152
40 152
40 152
40 152
41 149
41 149
41 149
41 149
41 149
42 154
42 154
42 154
42 154
42 154
43 150
43 150
43 150
43 150
43 150
44 140
44 140
44 140
44 140
44 140
45 133
45 133
45 133
45 133
45 133
46 128
46 128
46 128
46 128
46 128
47 126
47 126
47 126
47 126
47 126
48 125
48 125
48 125
48 125
48 125
49 127
49 127
49 127
49 127
49 127
50 129
50 129
50 129
50 129
50 129
51 137
51 137
51 137
51 137
51 137
52 154
52 154
52 154
52 154
52 154
53 171
53 171
53 171
53 171
53 171
54 185
54 185
54 185
54 185
54 185
55 194
55 194
55 194
55 194
55 194
56 189
56 189
56 189
56 189
56 189
57 169
57 169
57 169
57 169
57 169
58 148
58 148
58 148
58 148
58 148
59 130
59 130
59 130
59 130
59 130
60 119
60 119
60 119
60 119
60 119
61 111
61 111
61 111
61 111
61 111
62 106
62 106
62 106
62 106
62 106
63 103
63 103
63 103
63 103
63 103
64 101
64 101
64 101
64 101
64 101
65 101
65 101
65 101
65 101
65 101
66 99
66 99
66 99
66 99
66 99
67 99
67 99
67 99
67 99
67 99
68 99
68 99
68 99
68 99
68 99
69 99
69 99
69 99
69 99
69 99
70 100
70 100
70 100
70 100
70 100
71 100
71 100
71 100
71 100
71 100
72 100
72 100
72 100
72 100
72 100
73 100
73 100
73 100
73 100
73 100
74 99
74 99
74 99
74 99
74 99
75 98
75 98
75 98
75 98
75 98
76 98
76 98
76 98
76 98
76 98
77 97
77 97
77 97
77 97
77 97
78 96
78 96
78 96
78 96
78 96
79 95
79 95
79 95
79 95
79 95
80 93
80 93
80 93
80 93
80 93
81 92
81 92
81 92
81 92
81 92
82 92
82 92
82 92
82 92
82 92
83 91
83 91
83 91
83 91
83 91
84 91
84 91
84 91
84 91
84 91
85 90
85 90
85 90
85 90
85 90
86 90
86 90
86 90
86 90
86 90
87 90
87 90
87 90
87 90
87 90
88 90
88 90
88 90
88 90
88 90
89 90
89 90
89 90
89 90
89 90
90 90
90 90
90 90
90 90
90 90
91 90
91 90
91 90
91 90
91 90
92 90
92 90
92 90
92 90
92 90
93 90
93 90
93 90
93 90
93 90
94 90
94 90
94 90
94 90
94 90
95 90
95 90
95 90
95 90
95 90
96 90
96 90
96 90
96 90
96 90
97 90
97 90
97 90
97 90
97 90
98 90
98 90
98 90
98 90
98 90
99 91
99 91
99 91
99 91
99 91
100 91
100 91
100 91
100 91
100 91
101 91
101 91
101 91
101 91
101 91
102 91
102 91
102 91
102 91
102 91
103 92
103 92
103 92
103 92
103 92
104 92
104 92
104 92
104 92
104 92
105 93
105 93
105 93
105 93
105 93
106 94
106 94
106 94
106 94
106 94
107 95
107 95
107 95
107 95
107 95
108 96
108 96
108 96
108 96
108 96
109 97
109 97
109 97
109 97
109 97
110 98
110 98
110 98
110 98
110 98
111 98
111 98
111 98
111 98
111 98
112 100
112 100
112 100
112 100
112 100
113 101
113 101
113 101
113 101
113 101
114 102
114 102
114 102
114 102
114 102
115 103
115 103
115 103
115 103
115 103
116 104
116 104
116 104
116 104
116 104
117 105
117 105
117 105
117 105
117 105
118 106
118 106
118 106
118 106
118 106
119 107
119 107
119 107
119 107
119 107
120 109
120 109
120 109
120 109
120 109
121 109
121 109
121 109
121 109
121 109
122 111
122 111
122 111
122 111
122 111
123 111
123 111
123 111
123 111
123 111
124 114
124 114
124 114
124 114
124 114
125 114
125 114
125 114
125 114
125 114
126 115
126 115
126 115
126 115
126 115
127 117
127 117
127 117
127 117
127 117
128 117
128 117
128 117
128 117
128 117
129 117
129 117
129 117
129 117
129 117
130 118
130 118
130 118
130 118
130 118
131 120
131 120
131 120
131 120
131 120
132 121
132 121
132 121
132 121
132 121
133 122
133 122
133 122
133 122
133 122
134 124
134 124
134 124
134 124
134 124
135 124
135 124
135 124
135 124
135 124
136 126
136 126
136 126
136 126
136 126
137 127
137 127
137 127
137 127
137 127
138 128
138 128
138 128
138 128
138 128
139 129
139 129
139 129
139 129
139 129
140 130
140 130
140 130
140 130
140 130
141 131
141 131
141 131
141 131
141 131
142 132
142 132
142 132
142 132
142 132
143 134
143 134
143 134
143 134
143 134
144 134
144 134
144 134
144 134
144 134
145 135
145 135
145 135
145 135
145 135
146 138
146 138
146 138
146 138
146 138
147 137
147 137
147 137
147 137
147 137
148 138
148 138
148 138
148 138
148 138
149 139
149 139
149 139
149 139
149 139
150 140
150 140
150 140
150 140
150 140
151 142
151 142
151 142
151 142
151 142
152 143
152 143
152 143
152 143
152 143
153 144
153 144
153 144
153 144
153 144
154 145
154 145
154 145
154 145
154 145
155 145
155 145
155 145
155 145
155 145
156 148
156 148
156 148
156 148
156 148
157 148
157 148
157 148
157 148
157 148
158 149
158 149
158 149
158 149
158 149
159 149
159 149
159 149
159 149
159 149
160 150
160 150
160 150
160 150
160 150
161 152
161 152
161 152
161 152
161 152
162 154
162 154
162 154
162 154
162 154
163 155
163 155
163 155
163 155
163 155
164 155
164 155
164 155
164 155
164 155
165 157
165 157
165 157
165 157
165 157
166 157
166 157
166 157
166 157
166 157
167 159
167 159
167 159
167 159
167 159
168 161
168 161
168 161
168 161
168 161
169 161
169 161
169 161
169 161
169 161
170 162
170 162
170 162
170 162
170 162
171 164
171 164
171 164
171 164
171 164
172 165
172 165
172 165
172 165
172 165
173 165
173 165
173 165
173 165
173 165
174 167
174 167
174 167
174 167
174 167
175 167
175 167
175 167
175 167
175 167
176 170
176 170
176 170
176 170
176 170
177 169
177 169
177 169
177 169
177 169
178 171
178 171
178 171
178 171
178 171
179 173
179 173
179 173
179 173
179 173
180 173
180 173
180 173
180 173
180 173
181 175
181 175
181 175
181 175
181 175
182 175
182 175
182 175
182 175
182 175
183 177
183 177
183 177
183 177
183 177
184 177
184 177
184 177
184 177
184 177
185 181
185 181
185 181
185 181
185 181
186 180
186 180
186 180
186 180
186 180
187 182
187 182
187 182
187 182
187 182
188 181
188 181
188 181
188 181
188 181
189 183
189 183
189 183
189 183
189 183
190 183
190 183
190 183
190 183
190 183
191 185
191 185
191 185
191 185
191 185
192 186
192 186
192 186
192 186
192 186
193 188
193 188
193 188
193 188
193 188
194 187
194 187
194 187
194 187
194 187
195 190
195 190
195 190
195 190
195 190
196 190
196 190
196 190
196 190
196 190
197 193
197 193
197 193
197 193
197 193
198 193
198 193
198 193
198 193
198 193
199 194
199 194
199 194
199 194
199 194
200 195
200 195
200 195
200 195
200 195
201 195
201 195
201 195
201 195
201 195
202 197
202 197
202 197
202 197
202 197
203 197
203 197
203 197
203 197
203 197
204 200
204 200
204 200
204 200
204 200
205 199
205 199
205 199
205 199
205 199
206 199
206 199
206 199
206 199
206 199
207 203
207 203
207 203
207 203
207 203
208 202
208 202
208 202
208 202
208 202
209 205
209 205
209 205
209 205
209 205
210 205
210 205
210 205
210 205
210 205
211 208
211 208
211 208
211 208
211 208
212 208
212 208
212 208
212 208
212 208
213 209
213 209
213 209
213 209
213 209
214 209
214 209
214 209
214 209
214 209
215 212
215 212
215 212
215 212
215 212
216 212
216 212
216 212
216 212
216 212
217 215
217 215
217 215
217 215
217 215
218 215
218 215
218 215
218 215
218 215
219 215
219 215
219 215
219 215
219 215
220 217
220 217
220 217
220 217
220 217
221 217
221 217
221 217
221 217
221 217
222 217
222 217
222 217
222 217
222 217
223 219
223 219
223 219
223 219
223 219
224 218
224 218
224 218
224 218
224 218
225 219
225 219
225 219
225 219
225 219
226 223
226 223
226 223
226 223
226 223
227 223
227 223
227 223
227 223
227 223
228 223
228 223
228 223
228 223
228 223
229 227
229 227
229 227
229 227
229 227
230 227
230 227
230 227
230 227
230 227
231 227
231 227
231 227
231 227
231 227
232 227
232 227
232 227
232 227
232 227
233 230
233 230
233 230
233 230
233 230
