325 319
325 319
325 319
325 319
325 319
326 319
326 319
326 319
326 319
326 319
327 319
327 319
327 319
327 319
327 319
328 319
328 319
328 319
328 319
328 319
329 330
329 330
329 330
329 330
329 330
330 324
330 324
330 324
330 324
330 324
331 324
331 324
331 324
331 324
331 324
332 324
332 324
332 324
332 324
332 324
333 324
333 324
333 324
333 324
333 324
334 324
334 324
334 324
334 324
334 324
335 324
335 324
335 324
335 324
335 324
336 324
336 324
336 324
336 324
336 324
337 334
337 334
337 334
337 334
337 334
338 336
338 336
338 336
338 336
338 336
339 336
339 336
339 336
339 336
339 336
340 334
340 334
340 334
340 334
340 334
341 336
341 336
341 336
341 336
341 336
342 334
342 334
342 334
342 334
342 334
343 336
343 336
343 336
343 336
343 336
344 346
344 346
344 346
344 346
344 346
345 344
345 344
345 344
345 344
345 344
346 344
346 344
346 344
346 344
346 344
347 344
347 344
347 344
347 344
347 344
348 344
348 344
348 344
348 344
348 344
349 344
349 344
349 344
349 344
349 344
350 344
350 344
350 344
350 344
350 344
351 344
351 344
351 344
351 344
351 344
352 344
352 344
352 344
352 344
352 344
353 350
353 350
353 350
353 350
353 350
354 350
354 350
354 350
354 350
354 350
355 350
355 350
355 350
355 350
355 350
356 356
356 356
356 356
356 356
356 356
357 350
357 350
357 350
357 350
357 350
358 350
358 350
358 350
358 350
358 350
359 350
359 350
359 350
359 350
359 350
360 350
360 350
360 350
360 350
360 350
361 350
361 350
361 350
361 350
361 350
362 350
362 350
362 350
362 350
362 350
363 359
363 359
363 359
363 359
363 359
364 359
364 359
364 359
364 359
364 359
365 359
365 359
365 359
365 359
365 359
366 359
366 359
366 359
366 359
366 359
367 359
367 359
367 359
367 359
367 359
368 359
368 359
368 359
368 359
368 359
369 359
369 359
369 359
369 359
369 359
370 365
370 365
370 365
370 365
370 365
371 369
371 369
371 369
371 369
371 369
372 369
372 369
372 369
372 369
372 369
373 369
373 369
373 369
373 369
373 369
374 369
374 369
374 369
374 369
374 369
375 369
375 369
375 369
375 369
375 369
376 369
376 369
376 369
376 369
376 369
377 369
377 369
377 369
377 369
377 369
378 369
378 369
378 369
378 369
378 369
379 376
379 376
379 376
379 376
379 376
380 378
380 378
380 378
380 378
380 378
381 378
381 378
381 378
381 378
381 378
382 378
382 378
382 378
382 378
382 378
383 378
383 378
383 378
383 378
383 378
384 378
384 378
384 378
384 378
384 378
385 378
385 378
385 378
385 378
385 378
386 378
386 378
386 378
386 378
386 378
387 378
387 378
387 378
387 378
387 378
388 378
388 378
388 378
388 378
388 378
389 378
389 378
389 378
389 378
389 378
390 379
390 379
390 379
390 379
390 379
391 388
391 388
391 388
391 388
391 388
392 388
392 388
392 388
392 388
392 388
393 390
393 390
393 390
393 390
393 390
394 388
394 388
394 388
394 388
394 388
395 388
395 388
395 388
395 388
395 388
396 388
396 388
396 388
396 388
396 388
397 388
397 388
397 388
397 388
397 388
398 388
398 388
398 388
398 388
398 388
399 388
399 388
399 388
399 388
399 388
400 388
400 388
400 388
400 388
400 388
401 388
401 388
401 388
401 388
401 388
402 399
402 399
402 399
402 399
402 399
403 399
403 399
403 399
403 399
403 399
404 402
404 402
404 402
404 402
404 402
405 399
405 399
405 399
405 399
405 399
406 402
406 402
406 402
406 402
406 402
407 402
407 402
407 402
407 402
407 402
408 399
408 399
408 399
408 399
408 399
409 399
409 399
409 399
409 399
409 399
410 399
410 399
410 399
410 399
410 399
411 403
411 403
411 403
411 403
411 403
412 402
412 402
412 402
412 402
412 402
413 402
413 402
413 402
413 402
413 402
414 414
414 414
414 414
414 414
414 414
415 412
415 412
415 412
415 412
415 412
416 414
416 414
416 414
416 414
416 414
417 414
417 414
417 414
417 414
417 414
418 412
418 412
418 412
418 412
418 412
419 414
419 414
419 414
419 414
419 414
420 414
420 414
420 414
420 414
420 414
421 414
421 414
421 414
421 414
421 414
422 414
422 414
422 414
422 414
422 414
423 412
423 412
423 412
423 412
423 412
424 412
424 412
424 412
424 412
424 412
425 421
425 421
425 421
425 421
425 421
426 424
426 424
426 424
426 424
426 424
427 424
427 424
427 424
427 424
427 424
428 424
428 424
428 424
428 424
428 424
429 424
429 424
429 424
429 424
429 424
430 424
430 424
430 424
430 424
430 424
431 424
431 424
431 424
431 424
431 424
432 424
432 424
432 424
432 424
432 424
433 424
433 424
433 424
433 424
433 424
434 432
434 432
434 432
434 432
434 432
435 424
435 424
435 424
435 424
435 424
436 424
436 424
436 424
436 424
436 424
437 424
437 424
437 424
437 424
437 424
438 424
438 424
438 424
438 424
438 424
439 436
439 436
439 436
439 436
439 436
440 450
440 450
440 450
440 450
440 450
441 440
441 440
441 440
441 440
441 440
442 450
442 450
442 450
442 450
442 450
443 450
443 450
443 450
443 450
443 450
444 452
444 452
444 452
444 452
444 452
445 450
445 450
445 450
445 450
445 450
446 450
446 450
446 450
446 450
446 450
447 450
447 450
447 450
447 450
447 450
448 450
448 450
448 450
448 450
448 450
449 450
449 450
449 450
449 450
449 450
450 452
450 452
450 452
450 452
450 452
451 452
451 452
451 452
451 452
451 452
452 461
452 461
452 461
452 461
452 461
453 461
453 461
453 461
453 461
453 461
454 461
454 461
454 461
454 461
454 461
455 461
455 461
455 461
455 461
455 461
456 461
456 461
456 461
456 461
456 461
457 461
457 461
457 461
457 461
457 461
458 461
458 461
458 461
458 461
458 461
459 461
459 461
459 461
459 461
459 461
460 465
460 465
460 465
460 465
460 465
461 461
461 461
461 461
461 461
461 461
462 461
462 461
462 461
462 461
462 461
463 461
463 461
463 461
463 461
463 461
464 461
464 461
464 461
464 461
464 461
465 461
465 461
465 461
465 461
465 461
466 461
466 461
466 461
466 461
466 461
467 467
467 467
467 467
467 467
467 467
468 465
468 465
468 465
468 465
468 465
469 480
469 480
469 480
469 480
469 480
470 480
470 480
470 480
470 480
470 480
471 480
471 480
471 480
471 480
471 480
472 480
472 480
472 480
472 480
472 480
473 480
473 480
473 480
473 480
473 480
474 480
474 480
474 480
474 480
474 480
475 480
475 480
475 480
475 480
475 480
476 480
476 480
476 480
476 480
476 480
477 481
477 481
477 481
477 481
477 481
478 480
478 480
478 480
478 480
478 480
479 480
479 480
479 480
479 480
479 480
480 480
480 480
480 480
480 480
480 480
481 480
481 480
481 480
481 480
481 480
482 484
482 484
482 484
482 484
482 484
483 480
483 480
483 480
483 480
483 480
484 484
484 484
484 484
484 484
484 484
485 497
485 497
485 497
485 497
485 497
486 497
486 497
486 497
486 497
486 497
487 497
487 497
487 497
487 497
487 497
488 499
488 499
488 499
488 499
488 499
489 499
489 499
489 499
489 499
489 499
490 497
490 497
490 497
490 497
490 497
491 497
491 497
491 497
491 497
491 497
492 497
492 497
492 497
492 497
492 497
493 497
493 497
493 497
493 497
493 497
494 499
494 499
494 499
494 499
494 499
495 499
495 499
495 499
495 499
495 499
496 499
496 499
496 499
496 499
496 499
497 497
497 497
497 497
497 497
497 497
498 497
498 497
498 497
498 497
498 497
499 497
499 497
499 497
499 497
499 497
500 497
500 497
500 497
500 497
500 497
501 497
501 497
501 497
501 497
501 497
502 503
502 503
502 503
502 503
502 503
503 516
503 516
503 516
503 516
503 516
504 516
504 516
504 516
504 516
504 516
505 516
505 516
505 516
505 516
505 516
506 516
506 516
506 516
506 516
506 516
507 516
507 516
507 516
507 516
507 516
508 516
508 516
508 516
508 516
508 516
509 516
509 516
509 516
509 516
509 516
510 516
510 516
510 516
510 516
510 516
511 516
511 516
511 516
511 516
511 516
512 516
512 516
512 516
512 516
512 516
513 516
513 516
513 516
513 516
513 516
514 516
514 516
514 516
514 516
514 516
515 516
515 516
515 516
515 516
515 516
516 520
516 520
516 520
516 520
516 520
517 516
517 516
517 516
517 516
517 516
518 516
518 516
518 516
518 516
518 516
519 520
519 520
519 520
519 520
519 520
520 525
520 525
520 525
520 525
520 525
521 525
521 525
521 525
521 525
521 525
522 520
522 520
522 520
522 520
522 520
523 525
523 525
523 525
523 525
523 525
524 525
524 525
524 525
524 525
524 525
525 525
525 525
525 525
525 525
525 525
526 525
526 525
526 525
526 525
526 525
527 525
527 525
527 525
527 525
527 525
528 525
528 525
528 525
528 525
528 525
529 525
529 525
529 525
529 525
529 525
530 525
530 525
530 525
530 525
530 525
531 536
531 536
531 536
531 536
531 536
532 525
532 525
532 525
532 525
532 525
533 525
533 525
533 525
533 525
533 525
534 525
534 525
534 525
534 525
534 525
535 525
535 525
535 525
535 525
535 525
536 525
536 525
536 525
536 525
536 525
537 525
537 525
537 525
537 525
537 525
538 525
538 525
538 525
538 525
538 525
539 536
539 536
539 536
539 536
539 536
540 544
540 544
540 544
540 544
540 544
541 547
541 547
541 547
541 547
541 547
542 560
542 560
542 560
542 560
542 560
543 544
543 544
543 544
543 544
543 544
544 544
544 544
544 544
544 544
544 544
545 550
545 550
545 550
545 550
545 550
546 550
546 550
546 550
546 550
546 550
547 550
547 550
547 550
547 550
547 550
548 550
548 550
548 550
548 550
548 550
549 550
549 550
549 550
549 550
549 550
550 544
550 544
550 544
550 544
550 544
551 547
551 547
551 547
551 547
551 547
552 544
552 544
552 544
552 544
552 544
553 550
553 550
553 550
553 550
553 550
554 544
554 544
554 544
554 544
554 544
555 547
555 547
555 547
555 547
555 547
556 544
556 544
556 544
556 544
556 544
557 550
557 550
557 550
557 550
557 550
558 544
558 544
558 544
558 544
558 544
559 550
559 550
559 550
559 550
559 550
560 550
560 550
560 550
560 550
560 550
561 569
561 569
561 569
561 569
561 569
562 569
562 569
562 569
562 569
562 569
563 569
563 569
563 569
563 569
563 569
564 568
564 568
564 568
564 568
564 568
565 566
565 566
565 566
565 566
565 566
566 569
566 569
566 569
566 569
566 569
567 566
567 566
567 566
567 566
567 566
568 566
568 566
568 566
568 566
568 566
569 569
569 569
569 569
569 569
569 569
570 566
570 566
570 566
570 566
570 566
571 569
571 569
571 569
571 569
571 569
572 569
572 569
572 569
572 569
572 569
573 569
573 569
573 569
573 569
573 569
574 566
574 566
574 566
574 566
574 566
575 566
575 566
575 566
575 566
575 566
576 569
576 569
576 569
576 569
576 569
577 569
577 569
577 569
577 569
577 569
578 569
578 569
578 569
578 569
578 569
579 569
579 569
579 569
579 569
579 569
580 569
580 569
580 569
580 569
580 569
581 566
581 566
581 566
581 566
581 566
582 569
582 569
582 569
582 569
582 569
583 569
583 569
583 569
583 569
583 569
584 569
584 569
584 569
584 569
584 569
585 566
585 566
585 566
585 566
585 566
586 569
586 569
586 569
586 569
586 569
587 602
587 602
587 602
587 602
587 602
588 602
588 602
588 602
588 602
588 602
589 602
589 602
589 602
589 602
589 602
590 602
590 602
590 602
590 602
590 602
591 610
591 610
591 610
591 610
591 610
592 602
592 602
592 602
592 602
592 602
593 610
593 610
593 610
593 610
593 610
594 602
594 602
594 602
594 602
594 602
595 602
595 602
595 602
595 602
595 602
596 602
596 602
596 602
596 602
596 602
597 602
597 602
597 602
597 602
597 602
598 602
598 602
598 602
598 602
598 602
599 602
599 602
599 602
599 602
599 602
600 602
600 602
600 602
600 602
600 602
601 602
601 602
601 602
601 602
601 602
602 602
602 602
602 602
602 602
602 602
603 602
603 602
603 602
603 602
603 602
604 602
604 602
604 602
604 602
604 602
605 602
605 602
605 602
605 602
605 602
606 602
606 602
606 602
606 602
606 602
607 602
607 602
607 602
607 602
607 602
608 602
608 602
608 602
608 602
608 602
609 602
609 602
609 602
609 602
609 602
610 602
610 602
610 602
610 602
610 602
611 602
611 602
611 602
611 602
611 602
612 619
612 619
612 619
612 619
612 619
613 615
613 615
613 615
613 615
613 615
614 620
614 620
614 620
614 620
614 620
615 630
615 630
615 630
615 630
615 630
616 630
616 630
616 630
616 630
616 630
617 630
617 630
617 630
617 630
617 630
618 630
618 630
618 630
618 630
618 630
619 630
619 630
619 630
619 630
619 630
620 638
620 638
620 638
620 638
620 638
621 630
621 630
621 630
621 630
621 630
622 630
622 630
622 630
622 630
622 630
623 630
623 630
623 630
623 630
623 630
624 630
624 630
624 630
624 630
624 630
625 630
625 630
625 630
625 630
625 630
626 630
626 630
626 630
626 630
626 630
627 630
627 630
627 630
627 630
627 630
628 630
628 630
628 630
628 630
628 630
629 630
629 630
629 630
629 630
629 630
630 630
630 630
630 630
630 630
630 630
631 630
631 630
631 630
631 630
631 630
632 630
632 630
632 630
632 630
632 630
633 630
633 630
633 630
633 630
633 630
634 638
634 638
634 638
634 638
634 638
635 630
635 630
635 630
635 630
635 630
636 638
636 638
636 638
636 638
636 638
637 638
637 638
637 638
637 638
637 638
638 630
638 630
638 630
638 630
638 630
639 630
639 630
639 630
639 630
639 630
640 630
640 630
640 630
640 630
640 630
641 648
641 648
641 648
641 648
641 648
642 630
642 630
642 630
642 630
642 630
643 646
643 646
643 646
643 646
643 646
644 660
644 660
644 660
644 660
644 660
645 660
645 660
645 660
645 660
645 660
646 660
646 660
646 660
646 660
646 660
647 660
647 660
647 660
647 660
647 660
648 660
648 660
648 660
648 660
648 660
649 660
649 660
649 660
649 660
649 660
650 677
650 677
650 677
650 677
650 677
651 660
651 660
651 660
651 660
651 660
652 660
652 660
652 660
652 660
652 660
653 677
653 677
653 677
653 677
653 677
654 660
654 660
654 660
654 660
654 660
655 676
655 676
655 676
655 676
655 676
656 660
656 660
656 660
656 660
656 660
657 660
657 660
657 660
657 660
657 660
658 676
658 676
658 676
658 676
658 676
659 660
659 660
659 660
659 660
659 660
660 660
660 660
660 660
660 660
660 660
661 676
661 676
661 676
661 676
661 676
662 660
662 660
662 660
662 660
662 660
663 660
663 660
663 660
663 660
663 660
664 660
664 660
664 660
664 660
664 660
665 677
665 677
665 677
665 677
665 677
666 660
666 660
666 660
666 660
666 660
667 676
667 676
667 676
667 676
667 676
668 677
668 677
668 677
668 677
668 677
669 660
669 660
669 660
669 660
669 660
670 660
670 660
670 660
670 660
670 660
671 660
671 660
671 660
671 660
671 660
672 677
672 677
672 677
672 677
672 677
673 700
673 700
673 700
673 700
673 700
674 660
674 660
674 660
674 660
674 660
675 686
675 686
675 686
675 686
675 686
676 700
676 700
676 700
676 700
676 700
677 700
677 700
677 700
677 700
677 700
678 700
678 700
678 700
678 700
678 700
679 700
679 700
679 700
679 700
679 700
680 700
680 700
680 700
680 700
680 700
681 711
681 711
681 711
681 711
681 711
682 700
682 700
682 700
682 700
682 700
683 712
683 712
683 712
683 712
683 712
684 700
684 700
684 700
684 700
684 700
