34 70
34 70
34 70
34 70
34 70
35 70
35 70
35 70
35 70
35 70
36 800
36 800
36 800
36 800
36 800
37 387
37 387
37 387
37 387
37 387
38 205
38 205
38 205
38 205
38 205
39 160
39 160
39 160
39 160
39 160
40 156
40 156
40 156
40 156
40 156
41 148
41 148
41 148
41 148
41 148
42 149
42 149
42 149
42 149
42 149
43 153
43 153
43 153
43 153
43 153
44 150
44 150
44 150
44 150
44 150
45 140
45 140
45 140
45 140
45 140
46 131
46 131
46 131
46 131
46 131
47 129
47 129
47 129
47 129
47 129
48 125
48 125
48 125
48 125
48 125
49 125
49 125
49 125
49 125
49 125
50 126
50 126
50 126
50 126
50 126
51 129
51 129
51 129
51 129
51 129
52 138
52 138
52 138
52 138
52 138
53 152
53 152
53 152
53 152
53 152
54 169
54 169
54 169
54 169
54 169
55 185
55 185
55 185
55 185
55 185
56 193
56 193
56 193
56 193
56 193
57 188
57 188
57 188
57 188
57 188
58 173
58 173
58 173
58 173
58 173
59 155
59 155
59 155
59 155
59 155
60 137
60 137
60 137
60 137
60 137
61 125
61 125
61 125
61 125
61 125
62 116
62 116
62 116
62 116
62 116
63 109
63 109
63 109
63 109
63 109
64 105
64 105
64 105
64 105
64 105
65 103
65 103
65 103
65 103
65 103
66 101
66 101
66 101
66 101
66 101
67 100
67 100
67 100
67 100
67 100
68 99
68 99
68 99
68 99
68 99
69 99
69 99
69 99
69 99
69 99
70 99
70 99
70 99
70 99
70 99
71 99
71 99
71 99
71 99
71 99
72 99
72 99
72 99
72 99
72 99
73 100
73 100
73 100
73 100
73 100
74 101
74 101
74 101
74 101
74 101
75 99
75 99
75 99
75 99
75 99
76 99
76 99
76 99
76 99
76 99
77 99
77 99
77 99
77 99
77 99
78 98
78 98
78 98
78 98
78 98
79 97
79 97
79 97
79 97
79 97
80 96
80 96
80 96
80 96
80 96
81 95
81 95
81 95
81 95
81 95
82 94
82 94
82 94
82 94
82 94
83 92
83 92
83 92
83 92
83 92
84 93
84 93
84 93
84 93
84 93
85 92
85 92
85 92
85 92
85 92
86 91
86 91
86 91
86 91
86 91
87 91
87 91
87 91
87 91
87 91
88 90
88 90
88 90
88 90
88 90
89 90
89 90
89 90
89 90
89 90
90 90
90 90
90 90
90 90
90 90
91 90
91 90
91 90
91 90
91 90
92 90
92 90
92 90
92 90
92 90
93 90
93 90
93 90
93 90
93 90
94 90
94 90
94 90
94 90
94 90
95 90
95 90
95 90
95 90
95 90
96 90
96 90
96 90
96 90
96 90
97 91
97 91
97 91
97 91
97 91
98 91
98 91
98 91
98 91
98 91
99 90
99 90
99 90
99 90
99 90
100 91
100 91
100 91
100 91
100 91
101 90
101 90
101 90
101 90
101 90
102 90
102 90
102 90
102 90
102 90
103 90
103 90
103 90
103 90
103 90
104 91
104 91
104 91
104 91
104 91
105 91
105 91
105 91
105 91
105 91
106 91
106 91
106 91
106 91
106 91
107 91
107 91
107 91
107 91
107 91
108 92
108 92
108 92
108 92
108 92
109 93
109 93
109 93
109 93
109 93
110 94
110 94
110 94
110 94
110 94
111 94
111 94
111 94
111 94
111 94
112 95
112 95
112 95
112 95
112 95
113 97
113 97
113 97
113 97
113 97
114 97
114 97
114 97
114 97
114 97
115 98
115 98
115 98
115 98
115 98
116 99
116 99
116 99
116 99
116 99
117 100
117 100
117 100
117 100
117 100
118 100
118 100
118 100
118 100
118 100
119 102
119 102
119 102
119 102
119 102
120 102
120 102
120 102
120 102
120 102
121 103
121 103
121 103
121 103
121 103
122 105
122 105
122 105
122 105
122 105
123 105
123 105
123 105
123 105
123 105
124 107
124 107
124 107
124 107
124 107
125 107
125 107
125 107
125 107
125 107
126 109
126 109
126 109
126 109
126 109
127 110
127 110
127 110
127 110
127 110
128 111
128 111
128 111
128 111
128 111
129 111
129 111
129 111
129 111
129 111
130 113
130 113
130 113
130 113
130 113
131 114
131 114
131 114
131 114
131 114
132 115
132 115
132 115
132 115
132 115
133 116
133 116
133 116
133 116
133 116
134 117
134 117
134 117
134 117
134 117
135 117
135 117
135 117
135 117
135 117
136 118
136 118
136 118
136 118
136 118
137 121
137 121
137 121
137 121
137 121
138 120
138 120
138 120
138 120
138 120
139 123
139 123
139 123
139 123
139 123
140 123
140 123
140 123
140 123
140 123
141 124
141 124
141 124
141 124
141 124
142 125
142 125
142 125
142 125
142 125
143 126
143 126
143 126
143 126
143 126
144 127
144 127
144 127
144 127
144 127
145 128
145 128
145 128
145 128
145 128
146 129
146 129
146 129
146 129
146 129
147 129
147 129
147 129
147 129
147 129
148 130
148 130
148 130
148 130
148 130
149 131
149 131
149 131
149 131
149 131
150 132
150 132
150 132
150 132
150 132
151 133
151 133
151 133
151 133
151 133
152 134
152 134
152 134
152 134
152 134
153 135
153 135
153 135
153 135
153 135
154 137
154 137
154 137
154 137
154 137
155 138
155 138
155 138
155 138
155 138
156 139
156 139
156 139
156 139
156 139
157 141
157 141
157 141
157 141
157 141
158 140
158 140
158 140
158 140
158 140
159 141
159 141
159 141
159 141
159 141
160 143
160 143
160 143
160 143
160 143
161 144
161 144
161 144
161 144
161 144
162 145
162 145
162 145
162 145
162 145
163 145
163 145
163 145
163 145
163 145
164 147
164 147
164 147
164 147
164 147
165 148
165 148
165 148
165 148
165 148
166 147
166 147
166 147
166 147
166 147
167 149
167 149
167 149
167 149
167 149
168 150
168 150
168 150
168 150
168 150
169 152
169 152
169 152
169 152
169 152
170 152
170 152
170 152
170 152
170 152
171 154
171 154
171 154
171 154
171 154
172 155
172 155
172 155
172 155
172 155
173 155
173 155
173 155
173 155
173 155
174 157
174 157
174 157
174 157
174 157
175 157
175 157
175 157
175 157
175 157
176 159
176 159
176 159
176 159
176 159
177 159
177 159
177 159
177 159
177 159
178 160
178 160
178 160
178 160
178 160
179 162
179 162
179 162
179 162
179 162
180 162
180 162
180 162
180 162
180 162
181 164
181 164
181 164
181 164
181 164
182 165
182 165
182 165
182 165
182 165
183 165
183 165
183 165
183 165
183 165
184 167
184 167
184 167
184 167
184 167
185 169
185 169
185 169
185 169
185 169
186 169
186 169
186 169
186 169
186 169
187 169
187 169
187 169
187 169
187 169
188 171
188 171
188 171
188 171
188 171
189 173
189 173
189 173
189 173
189 173
190 173
190 173
190 173
190 173
190 173
191 175
191 175
191 175
191 175
191 175
192 177
192 177
192 177
192 177
192 177
193 177
193 177
193 177
193 177
193 177
194 177
194 177
194 177
194 177
194 177
195 180
195 180
195 180
195 180
195 180
196 180
196 180
196 180
196 180
196 180
197 181
197 181
197 181
197 181
197 181
198 181
198 181
198 181
198 181
198 181
199 183
199 183
199 183
199 183
199 183
200 183
200 183
200 183
200 183
200 183
201 183
201 183
201 183
201 183
201 183
202 185
202 185
202 185
202 185
202 185
203 185
203 185
203 185
203 185
203 185
204 187
204 187
204 187
204 187
204 187
205 187
205 187
205 187
205 187
205 187
206 190
206 190
206 190
206 190
206 190
207 190
207 190
207 190
207 190
207 190
208 190
208 190
208 190
208 190
208 190
209 193
209 193
209 193
209 193
209 193
210 193
210 193
210 193
210 193
210 193
211 195
211 195
211 195
211 195
211 195
212 195
212 195
212 195
212 195
212 195
213 198
213 198
213 198
213 198
213 198
214 197
214 197
214 197
214 197
214 197
215 198
215 198
215 198
215 198
215 198
216 200
216 200
216 200
216 200
216 200
217 200
217 200
217 200
217 200
217 200
218 203
218 203
218 203
218 203
218 203
219 203
219 203
219 203
219 203
219 203
220 203
220 203
220 203
220 203
220 203
221 205
221 205
221 205
221 205
221 205
222 205
222 205
222 205
222 205
222 205
223 205
223 205
223 205
223 205
223 205
224 209
224 209
224 209
224 209
224 209
225 208
225 208
225 208
225 208
225 208
226 209
226 209
226 209
226 209
226 209
227 212
227 212
227 212
227 212
227 212
228 212
228 212
228 212
228 212
228 212
229 212
229 212
229 212
229 212
229 212
230 215
230 215
230 215
230 215
230 215
231 215
231 215
231 215
231 215
231 215
232 215
232 215
232 215
232 215
232 215
233 217
233 217
233 217
233 217
233 217
234 217
234 217
234 217
234 217
234 217
235 217
235 217
235 217
235 217
235 217
236 219
236 219
236 219
236 219
236 219
237 219
237 219
237 219
237 219
237 219
238 219
238 219
238 219
238 219
238 219
239 223
239 223
239 223
239 223
239 223
240 223
240 223
240 223
240 223
240 223
241 223
241 223
241 223
241 223
241 223
242 227
242 227
242 227
242 227
242 227
243 227
243 227
243 227
243 227
243 227
244 227
244 227
244 227
244 227
244 227
245 228
245 228
245 228
245 228
245 228
246 232
246 232
246 232
246 232
246 232
247 230
247 230
247 230
247 230
247 230
248 230
248 230
248 230
248 230
248 230
249 233
249 233
249 233
249 233
249 233
250 233
250 233
250 233
250 233
250 233
251 233
251 233
251 233
251 233
251 233
252 233
252 233
252 233
252 233
252 233
253 237
253 237
253 237
253 237
253 237
254 239
254 239
254 239
254 239
254 239
255 239
255 239
255 239
255 239
255 239
256 237
256 237
256 237
256 237
256 237
257 241
257 241
257 241
257 241
257 241
258 242
258 242
258 242
258 242
258 242
259 242
259 242
259 242
259 242
259 242
260 242
260 242
260 242
260 242
260 242
261 247
261 247
261 247
261 247
261 247
262 247
262 247
262 247
262 247
262 247
263 247
263 247
263 247
263 247
263 247
264 247
264 247
264 247
264 247
264 247
265 251
265 251
265 251
265 251
265 251
266 251
266 251
266 251
266 251
266 251
267 251
267 251
267 251
267 251
267 251
268 251
268 251
268 251
268 251
268 251
269 253
269 253
269 253
269 253
269 253
270 253
270 253
270 253
270 253
270 253
271 254
271 254
271 254
271 254
271 254
272 255
272 255
272 255
272 255
272 255
273 256
273 256
273 256
273 256
273 256
274 256
274 256
274 256
274 256
274 256
275 256
275 256
275 256
275 256
275 256
276 256
276 256
276 256
276 256
276 256
277 261
277 261
277 261
277 261
277 261
278 261
278 261
278 261
278 261
278 261
279 264
279 264
279 264
279 264
279 264
280 261
280 261
280 261
280 261
280 261
281 261
281 261
281 261
281 261
281 261
282 268
282 268
282 268
282 268
282 268
283 266
283 266
283 266
283 266
283 266
284 266
284 266
284 266
284 266
284 266
285 266
285 266
285 266
285 266
285 266
286 266
286 266
286 266
286 266
286 266
287 270
287 270
287 270
287 270
287 270
288 270
288 270
288 270
288 270
288 270
289 270
289 270
289 270
289 270
289 270
290 271
290 271
290 271
290 271
290 271
291 270
291 270
291 270
291 270
291 270
292 274
292 274
292 274
292 274
292 274
293 274
293 274
293 274
293 274
293 274
294 274
294 274
294 274
294 274
294 274
295 275
295 275
295 275
295 275
295 275
296 274
296 274
296 274
296 274
296 274
297 274
297 274
297 274
297 274
297 274
298 279
298 279
298 279
298 279
298 279
299 284
299 284
299 284
299 284
299 284
300 282
300 282
300 282
300 282
300 282
301 282
301 282
301 282
301 282
301 282
302 279
302 279
302 279
302 279
302 279
303 288
303 288
303 288
303 288
303 288
304 291
304 291
304 291
304 291
304 291
305 288
305 288
305 288
305 288
305 288
306 288
306 288
306 288
306 288
306 288
307 288
307 288
307 288
307 288
307 288
308 288
308 288
308 288
308 288
308 288
309 297
309 297
309 297
309 297
309 297
310 295
310 295
310 295
310 295
310 295
311 297
311 297
311 297
311 297
311 297
312 295
312 295
312 295
312 295
312 295
313 295
313 295
313 295
313 295
313 295
314 295
314 295
314 295
314 295
314 295
315 298
315 298
315 298
315 298
315 298
316 300
316 300
316 300
316 300
316 300
317 300
317 300
317 300
317 300
317 300
318 299
318 299
318 299
318 299
318 299
319 301
319 301
319 301
319 301
319 301
320 300
320 300
320 300
320 300
320 300
321 306
321 306
321 306
321 306
321 306
322 306
322 306
322 306
322 306
322 306
323 306
323 306
323 306
323 306
323 306
324 306
324 306
324 306
324 306
324 306
325 306
325 306
325 306
325 306
325 306
326 306
326 306
326 306
326 306
326 306
327 311
327 311
327 311
327 311
327 311
328 313
328 313
328 313
328 313
328 313
329 313
329 313
329 313
329 313
329 313
330 313
330 313
330 313
330 313
330 313
331 313
331 313
331 313
331 313
331 313
332 313
332 313
332 313
332 313
332 313
333 313
333 313
333 313
333 313
333 313
334 321
334 321
334 321
334 321
334 321
335 319
335 319
335 319
335 319
335 319
336 319
336 319
336 319
336 319
336 319
337 319
337 319
337 319
337 319
337 319
338 319
338 319
338 319
338 319
338 319
339 319
339 319
339 319
339 319
339 319
340 319
340 319
340 319
340 319
340 319
341 326
341 326
341 326
341 326
341 326
342 324
342 324
342 324
342 324
342 324
343 324
343 324
343 324
343 324
343 324
344 324
344 324
344 324
344 324
344 324
345 330
345 330
345 330
345 330
345 330
346 324
346 324
346 324
346 324
346 324
347 330
347 330
347 330
347 330
347 330
348 331
348 331
348 331
348 331
348 331
349 334
349 334
349 334
349 334
349 334
350 334
350 334
350 334
350 334
350 334
351 336
351 336
351 336
351 336
351 336
352 336
352 336
352 336
352 336
352 336
353 336
353 336
353 336
353 336
353 336
354 334
354 334
354 334
354 334
354 334
355 341
355 341
355 341
355 341
355 341
356 344
356 344
356 344
356 344
356 344
357 342
357 342
357 342
357 342
357 342
358 344
358 344
358 344
358 344
358 344
359 342
359 342
359 342
359 342
359 342
360 345
360 345
360 345
360 345
360 345
361 345
361 345
361 345
361 345
361 345
362 342
362 342
362 342
362 342
362 342
363 350
363 350
363 350
363 350
363 350
364 350
364 350
364 350
364 350
364 350
365 350
365 350
365 350
365 350
365 350
366 350
366 350
366 350
366 350
366 350
367 350
367 350
367 350
367 350
367 350
368 350
368 350
368 350
368 350
368 350
369 350
369 350
369 350
369 350
369 350
370 350
370 350
370 350
370 350
370 350
371 350
371 350
371 350
371 350
371 350
372 359
372 359
372 359
372 359
372 359
373 359
373 359
373 359
373 359
373 359
374 359
374 359
374 359
374 359
374 359
375 359
375 359
375 359
375 359
375 359
376 366
376 366
376 366
376 366
376 366
377 366
377 366
377 366
377 366
377 366
378 359
378 359
378 359
378 359
378 359
379 366
379 366
379 366
379 366
379 366
380 359
380 359
380 359
380 359
380 359
381 369
381 369
381 369
381 369
381 369
382 366
382 366
382 366
382 366
382 366
383 375
383 375
383 375
383 375
383 375
384 369
384 369
384 369
384 369
384 369
385 369
385 369
385 369
385 369
385 369
386 369
386 369
386 369
386 369
386 369
387 369
387 369
387 369
387 369
387 369
388 369
388 369
388 369
388 369
388 369
389 369
389 369
389 369
389 369
389 369
390 369
390 369
390 369
390 369
390 369
391 376
391 376
391 376
391 376
391 376
392 378
392 378
392 378
392 378
392 378
393 378
393 378
393 378
393 378
393 378
