34 70
34 70
34 70
34 70
34 70
35 70
35 70
35 70
35 70
35 70
36 712
36 712
36 712
36 712
36 712
37 306
37 306
37 306
37 306
37 306
38 183
38 183
38 183
38 183
38 183
39 157
39 157
39 157
39 157
39 157
40 150
40 150
40 150
40 150
40 150
41 148
41 148
41 148
41 148
41 148
42 154
42 154
42 154
42 154
42 154
43 153
43 153
43 153
43 153
43 153
44 145
44 145
44 145
44 145
44 145
45 137
45 137
45 137
45 137
45 137
46 130
46 130
46 130
46 130
46 130
47 127
47 127
47 127
47 127
47 127
48 125
48 125
48 125
48 125
48 125
49 126
49 126
49 126
49 126
49 126
50 127
50 127
50 127
50 127
50 127
51 132
51 132
51 132
51 132
51 132
52 143
52 143
52 143
52 143
52 143
53 162
53 162
53 162
53 162
53 162
54 177
54 177
54 177
54 177
54 177
55 190
55 190
55 190
55 190
55 190
56 193
56 193
56 193
56 193
56 193
57 181
57 181
57 181
57 181
57 181
58 161
58 161
58 161
58 161
58 161
59 141
59 141
59 141
59 141
59 141
60 127
60 127
60 127
60 127
60 127
61 116
61 116
61 116
61 116
61 116
62 109
62 109
62 109
62 109
62 109
63 105
63 105
63 105
63 105
63 105
64 102
64 102
64 102
64 102
64 102
65 101
65 101
65 101
65 101
65 101
66 100
66 100
66 100
66 100
66 100
67 99
67 99
67 99
67 99
67 99
68 100
68 100
68 100
68 100
68 100
69 99
69 99
69 99
69 99
69 99
70 99
70 99
70 99
70 99
70 99
71 100
71 100
71 100
71 100
71 100
72 100
72 100
72 100
72 100
72 100
73 100
73 100
73 100
73 100
73 100
74 100
74 100
74 100
74 100
74 100
75 99
75 99
75 99
75 99
75 99
76 99
76 99
76 99
76 99
76 99
77 98
77 98
77 98
77 98
77 98
78 97
78 97
78 97
78 97
78 97
79 96
79 96
79 96
79 96
79 96
80 94
80 94
80 94
80 94
80 94
81 94
81 94
81 94
81 94
81 94
82 92
82 92
82 92
82 92
82 92
83 92
83 92
83 92
83 92
83 92
84 91
84 91
84 91
84 91
84 91
85 91
85 91
85 91
85 91
85 91
86 91
86 91
86 91
86 91
86 91
87 90
87 90
87 90
87 90
87 90
88 90
88 90
88 90
88 90
88 90
89 90
89 90
89 90
89 90
89 90
90 90
90 90
90 90
90 90
90 90
91 90
91 90
91 90
91 90
91 90
92 90
92 90
92 90
92 90
92 90
93 90
93 90
93 90
93 90
93 90
94 91
94 91
94 91
94 91
94 91
95 90
95 90
95 90
95 90
95 90
96 90
96 90
96 90
96 90
96 90
97 90
97 90
97 90
97 90
97 90
98 90
98 90
98 90
98 90
98 90
99 90
99 90
99 90
99 90
99 90
100 91
100 91
100 91
100 91
100 91
101 91
101 91
101 91
101 91
101 91
102 91
102 91
102 91
102 91
102 91
103 91
103 91
103 91
103 91
103 91
104 91
104 91
104 91
104 91
104 91
105 92
105 92
105 92
105 92
105 92
106 92
106 92
106 92
106 92
106 92
107 94
107 94
107 94
107 94
107 94
108 94
108 94
108 94
108 94
108 94
109 95
109 95
109 95
109 95
109 95
110 96
110 96
110 96
110 96
110 96
111 96
111 96
111 96
111 96
111 96
112 97
112 97
112 97
112 97
112 97
113 99
113 99
113 99
113 99
113 99
114 99
114 99
114 99
114 99
114 99
115 100
115 100
115 100
115 100
115 100
116 102
116 102
116 102
116 102
116 102
117 103
117 103
117 103
117 103
117 103
118 104
118 104
118 104
118 104
118 104
119 105
119 105
119 105
119 105
119 105
120 105
120 105
120 105
120 105
120 105
121 107
121 107
121 107
121 107
121 107
122 107
122 107
122 107
122 107
122 107
123 109
123 109
123 109
123 109
123 109
124 110
124 110
124 110
124 110
124 110
125 111
125 111
125 111
125 111
125 111
126 112
126 112
126 112
126 112
126 112
127 114
127 114
127 114
127 114
127 114
128 114
128 114
128 114
128 114
128 114
129 116
129 116
129 116
129 116
129 116
130 116
130 116
130 116
130 116
130 116
131 117
131 117
131 117
131 117
131 117
132 117
132 117
132 117
132 117
132 117
133 118
133 118
133 118
133 118
133 118
134 119
134 119
134 119
134 119
134 119
135 121
135 121
135 121
135 121
135 121
136 122
136 122
136 122
136 122
136 122
137 123
137 123
137 123
137 123
137 123
138 124
138 124
138 124
138 124
138 124
139 125
139 125
139 125
139 125
139 125
140 126
140 126
140 126
140 126
140 126
141 128
141 128
141 128
141 128
141 128
142 129
142 129
142 129
142 129
142 129
143 129
143 129
143 129
143 129
143 129
144 130
144 130
144 130
144 130
144 130
145 132
145 132
145 132
145 132
145 132
146 133
146 133
146 133
146 133
146 133
147 133
147 133
147 133
147 133
147 133
148 134
148 134
148 134
148 134
148 134
149 136
149 136
149 136
149 136
149 136
150 137
150 137
150 137
150 137
150 137
151 138
151 138
151 138
151 138
151 138
152 139
152 139
152 139
152 139
152 139
153 140
153 140
153 140
153 140
153 140
154 140
154 140
154 140
154 140
154 140
155 141
155 141
155 141
155 141
155 141
156 143
156 143
156 143
156 143
156 143
157 144
157 144
157 144
157 144
157 144
158 145
158 145
158 145
158 145
158 145
159 146
159 146
159 146
159 146
159 146
160 147
160 147
160 147
160 147
160 147
161 148
161 148
161 148
161 148
161 148
162 150
162 150
162 150
162 150
162 150
163 149
163 149
163 149
163 149
163 149
164 150
164 150
164 150
164 150
164 150
165 152
165 152
165 152
165 152
165 152
166 154
166 154
166 154
166 154
166 154
167 154
167 154
167 154
167 154
167 154
168 155
168 155
168 155
168 155
168 155
169 157
169 157
169 157
169 157
169 157
170 157
170 157
170 157
170 157
170 157
171 159
171 159
171 159
171 159
171 159
172 160
172 160
172 160
172 160
172 160
173 160
173 160
173 160
173 160
173 160
174 162
174 162
174 162
174 162
174 162
175 164
175 164
175 164
175 164
175 164
176 164
176 164
176 164
176 164
176 164
177 165
177 165
177 165
177 165
177 165
178 165
178 165
178 165
178 165
178 165
179 167
179 167
179 167
179 167
179 167
180 169
180 169
180 169
180 169
180 169
181 169
181 169
181 169
181 169
181 169
182 171
182 171
182 171
182 171
182 171
183 171
183 171
183 171
183 171
183 171
184 173
184 173
184 173
184 173
184 173
185 173
185 173
185 173
185 173
185 173
186 175
186 175
186 175
186 175
186 175
187 175
187 175
187 175
187 175
187 175
188 177
188 177
188 177
188 177
188 177
189 177
189 177
189 177
189 177
189 177
190 180
190 180
190 180
190 180
190 180
191 180
191 180
191 180
191 180
191 180
192 181
192 181
192 181
192 181
192 181
193 181
193 181
193 181
193 181
193 181
194 183
194 183
194 183
194 183
194 183
195 183
195 183
195 183
195 183
195 183
196 185
196 185
196 185
196 185
196 185
197 185
197 185
197 185
197 185
197 185
198 187
198 187
198 187
198 187
198 187
199 187
199 187
199 187
199 187
199 187
200 190
200 190
200 190
200 190
200 190
201 190
201 190
201 190
201 190
201 190
202 191
202 191
202 191
202 191
202 191
203 193
203 193
203 193
203 193
203 193
204 193
204 193
204 193
204 193
204 193
205 195
205 195
205 195
205 195
205 195
206 195
206 195
206 195
206 195
206 195
207 198
207 198
207 198
207 198
207 198
208 197
208 197
208 197
208 197
208 197
209 197
209 197
209 197
209 197
209 197
210 200
210 200
210 200
210 200
210 200
211 201
211 201
211 201
211 201
211 201
212 203
212 203
212 203
212 203
212 203
213 203
213 203
213 203
213 203
213 203
214 202
214 202
214 202
214 202
214 202
215 205
215 205
215 205
215 205
215 205
216 205
216 205
216 205
216 205
216 205
217 205
217 205
217 205
217 205
217 205
218 209
218 209
218 209
218 209
218 209
219 209
219 209
219 209
219 209
219 209
220 212
220 212
220 212
220 212
220 212
221 213
221 213
221 213
221 213
221 213
222 212
222 212
222 212
222 212
222 212
223 215
223 215
223 215
223 215
223 215
224 215
224 215
224 215
224 215
224 215
225 215
225 215
225 215
225 215
225 215
226 217
226 217
226 217
226 217
226 217
227 217
227 217
227 217
227 217
227 217
228 217
228 217
228 217
228 217
228 217
229 219
229 219
229 219
229 219
229 219
230 219
230 219
230 219
230 219
230 219
231 218
231 218
231 218
231 218
231 218
232 223
232 223
232 223
232 223
232 223
233 223
233 223
233 223
233 223
233 223
