325 330
325 330
325 330
325 330
325 330
326 324
326 324
326 324
326 324
326 324
327 324
327 324
327 324
327 324
327 324
328 336
328 336
328 336
328 336
328 336
329 334
329 334
329 334
329 334
329 334
330 334
330 334
330 334
330 334
330 334
331 336
331 336
331 336
331 336
331 336
332 336
332 336
332 336
332 336
332 336
333 334
333 334
333 334
333 334
333 334
334 336
334 336
334 336
334 336
334 336
335 344
335 344
335 344
335 344
335 344
336 342
336 342
336 342
336 342
336 342
337 344
337 344
337 344
337 344
337 344
338 344
338 344
338 344
338 344
338 344
339 342
339 342
339 342
339 342
339 342
340 342
340 342
340 342
340 342
340 342
341 344
341 344
341 344
341 344
341 344
342 347
342 347
342 347
342 347
342 347
343 350
343 350
343 350
343 350
343 350
344 350
344 350
344 350
344 350
344 350
345 350
345 350
345 350
345 350
345 350
346 350
346 350
346 350
346 350
346 350
347 356
347 356
347 356
347 356
347 356
348 350
348 350
348 350
348 350
348 350
349 350
349 350
349 350
349 350
349 350
350 350
350 350
350 350
350 350
350 350
351 350
351 350
351 350
351 350
351 350
352 366
352 366
352 366
352 366
352 366
353 359
353 359
353 359
353 359
353 359
354 359
354 359
354 359
354 359
354 359
355 359
355 359
355 359
355 359
355 359
356 359
356 359
356 359
356 359
356 359
357 359
357 359
357 359
357 359
357 359
358 359
358 359
358 359
358 359
358 359
359 359
359 359
359 359
359 359
359 359
360 368
360 368
360 368
360 368
360 368
361 369
361 369
361 369
361 369
361 369
362 369
362 369
362 369
362 369
362 369
363 369
363 369
363 369
363 369
363 369
364 369
364 369
364 369
364 369
364 369
365 369
365 369
365 369
365 369
365 369
366 369
366 369
366 369
366 369
366 369
367 369
367 369
367 369
367 369
367 369
368 375
368 375
368 375
368 375
368 375
369 376
369 376
369 376
369 376
369 376
370 378
370 378
370 378
370 378
370 378
371 378
371 378
371 378
371 378
371 378
372 378
372 378
372 378
372 378
372 378
373 378
373 378
373 378
373 378
373 378
374 378
374 378
374 378
374 378
374 378
375 378
375 378
375 378
375 378
375 378
376 378
376 378
376 378
376 378
376 378
377 378
377 378
377 378
377 378
377 378
378 378
378 378
378 378
378 378
378 378
379 379
379 379
379 379
379 379
379 379
380 388
380 388
380 388
380 388
380 388
381 388
381 388
381 388
381 388
381 388
382 388
382 388
382 388
382 388
382 388
383 388
383 388
383 388
383 388
383 388
384 388
384 388
384 388
384 388
384 388
385 388
385 388
385 388
385 388
385 388
386 388
386 388
386 388
386 388
386 388
387 390
387 390
387 390
387 390
387 390
388 392
388 392
388 392
388 392
388 392
389 397
389 397
389 397
389 397
389 397
390 399
390 399
390 399
390 399
390 399
391 402
391 402
391 402
391 402
391 402
392 399
392 399
392 399
392 399
392 399
393 399
393 399
393 399
393 399
393 399
394 402
394 402
394 402
394 402
394 402
395 399
395 399
395 399
395 399
395 399
396 399
396 399
396 399
396 399
396 399
397 399
397 399
397 399
397 399
397 399
398 399
398 399
398 399
398 399
398 399
399 402
399 402
399 402
399 402
399 402
400 412
400 412
400 412
400 412
400 412
401 414
401 414
401 414
401 414
401 414
402 412
402 412
402 412
402 412
402 412
403 414
403 414
403 414
403 414
403 414
404 414
404 414
404 414
404 414
404 414
405 414
405 414
405 414
405 414
405 414
406 414
406 414
406 414
406 414
406 414
407 414
407 414
407 414
407 414
407 414
408 412
408 412
408 412
408 412
408 412
409 414
409 414
409 414
409 414
409 414
410 412
410 412
410 412
410 412
410 412
411 412
411 412
411 412
411 412
411 412
412 432
412 432
412 432
412 432
412 432
413 424
413 424
413 424
413 424
413 424
414 424
414 424
414 424
414 424
414 424
415 424
415 424
415 424
415 424
415 424
416 424
416 424
416 424
416 424
416 424
417 424
417 424
417 424
417 424
417 424
418 424
418 424
418 424
418 424
418 424
419 424
419 424
419 424
419 424
419 424
420 424
420 424
420 424
420 424
420 424
421 424
421 424
421 424
421 424
421 424
422 424
422 424
422 424
422 424
422 424
423 424
423 424
423 424
423 424
423 424
424 440
424 440
424 440
424 440
424 440
425 452
425 452
425 452
425 452
425 452
426 450
426 450
426 450
426 450
426 450
427 450
427 450
427 450
427 450
427 450
428 450
428 450
428 450
428 450
428 450
429 450
429 450
429 450
429 450
429 450
430 450
430 450
430 450
430 450
430 450
431 450
431 450
431 450
431 450
431 450
432 450
432 450
432 450
432 450
432 450
433 450
433 450
433 450
433 450
433 450
434 450
434 450
434 450
434 450
434 450
435 450
435 450
435 450
435 450
435 450
436 450
436 450
436 450
436 450
436 450
437 450
437 450
437 450
437 450
437 450
438 461
438 461
438 461
438 461
438 461
439 461
439 461
439 461
439 461
439 461
440 461
440 461
440 461
440 461
440 461
441 461
441 461
441 461
441 461
441 461
442 461
442 461
442 461
442 461
442 461
443 461
443 461
443 461
443 461
443 461
444 461
444 461
444 461
444 461
444 461
445 461
445 461
445 461
445 461
445 461
446 461
446 461
446 461
446 461
446 461
447 461
447 461
447 461
447 461
447 461
448 461
448 461
448 461
448 461
448 461
449 461
449 461
449 461
449 461
449 461
450 461
450 461
450 461
450 461
450 461
451 480
451 480
451 480
451 480
451 480
452 480
452 480
452 480
452 480
452 480
453 481
453 481
453 481
453 481
453 481
454 480
454 480
454 480
454 480
454 480
455 481
455 481
455 481
455 481
455 481
456 480
456 480
456 480
456 480
456 480
457 481
457 481
457 481
457 481
457 481
458 480
458 480
458 480
458 480
458 480
459 480
459 480
459 480
459 480
459 480
460 480
460 480
460 480
460 480
460 480
461 480
461 480
461 480
461 480
461 480
462 480
462 480
462 480
462 480
462 480
463 480
463 480
463 480
463 480
463 480
464 480
464 480
464 480
464 480
464 480
465 480
465 480
465 480
465 480
465 480
466 480
466 480
466 480
466 480
466 480
467 497
467 497
467 497
467 497
467 497
468 497
468 497
468 497
468 497
468 497
469 497
469 497
469 497
469 497
469 497
470 497
470 497
470 497
470 497
470 497
471 497
471 497
471 497
471 497
471 497
472 497
472 497
472 497
472 497
472 497
473 497
473 497
473 497
473 497
473 497
474 497
474 497
474 497
474 497
474 497
475 497
475 497
475 497
475 497
475 497
476 497
476 497
476 497
476 497
476 497
477 497
477 497
477 497
477 497
477 497
478 499
478 499
478 499
478 499
478 499
479 497
479 497
479 497
479 497
479 497
480 497
480 497
480 497
480 497
480 497
481 497
481 497
481 497
481 497
481 497
482 516
482 516
482 516
482 516
482 516
483 516
483 516
483 516
483 516
483 516
484 516
484 516
484 516
484 516
484 516
485 501
485 501
485 501
485 501
485 501
486 516
486 516
486 516
486 516
486 516
487 516
487 516
487 516
487 516
487 516
488 516
488 516
488 516
488 516
488 516
489 516
489 516
489 516
489 516
489 516
490 516
490 516
490 516
490 516
490 516
491 516
491 516
491 516
491 516
491 516
492 516
492 516
492 516
492 516
492 516
493 516
493 516
493 516
493 516
493 516
494 516
494 516
494 516
494 516
494 516
495 516
495 516
495 516
495 516
495 516
496 516
496 516
496 516
496 516
496 516
497 516
497 516
497 516
497 516
497 516
498 516
498 516
498 516
498 516
498 516
499 516
499 516
499 516
499 516
499 516
500 525
500 525
500 525
500 525
500 525
501 525
501 525
501 525
501 525
501 525
502 525
502 525
502 525
502 525
502 525
503 525
503 525
503 525
503 525
503 525
504 525
504 525
504 525
504 525
504 525
505 525
505 525
505 525
505 525
505 525
506 525
506 525
506 525
506 525
506 525
507 536
507 536
507 536
507 536
507 536
508 525
508 525
508 525
508 525
508 525
509 525
509 525
509 525
509 525
509 525
510 525
510 525
510 525
510 525
510 525
511 525
511 525
511 525
511 525
511 525
512 525
512 525
512 525
512 525
512 525
513 525
513 525
513 525
513 525
513 525
514 525
514 525
514 525
514 525
514 525
515 525
515 525
515 525
515 525
515 525
516 525
516 525
516 525
516 525
516 525
517 525
517 525
517 525
517 525
517 525
518 525
518 525
518 525
518 525
518 525
519 525
519 525
519 525
519 525
519 525
520 525
520 525
520 525
520 525
520 525
521 544
521 544
521 544
521 544
521 544
522 550
522 550
522 550
522 550
522 550
523 547
523 547
523 547
523 547
523 547
524 550
524 550
524 550
524 550
524 550
525 550
525 550
525 550
525 550
525 550
526 550
526 550
526 550
526 550
526 550
527 544
527 544
527 544
527 544
527 544
528 550
528 550
528 550
528 550
528 550
529 547
529 547
529 547
529 547
529 547
530 550
530 550
530 550
530 550
530 550
531 547
531 547
531 547
531 547
531 547
532 550
532 550
532 550
532 550
532 550
533 550
533 550
533 550
533 550
533 550
534 550
534 550
534 550
534 550
534 550
535 544
535 544
535 544
535 544
535 544
536 544
536 544
536 544
536 544
536 544
537 550
537 550
537 550
537 550
537 550
538 550
538 550
538 550
538 550
538 550
539 550
539 550
539 550
539 550
539 550
540 550
540 550
540 550
540 550
540 550
541 563
541 563
541 563
541 563
541 563
542 566
542 566
542 566
542 566
542 566
543 566
543 566
543 566
543 566
543 566
544 569
544 569
544 569
544 569
544 569
545 569
545 569
545 569
545 569
545 569
546 569
546 569
546 569
546 569
546 569
547 566
547 566
547 566
547 566
547 566
548 569
548 569
548 569
548 569
548 569
549 569
549 569
549 569
549 569
549 569
550 569
550 569
550 569
550 569
550 569
551 569
551 569
551 569
551 569
551 569
552 569
552 569
552 569
552 569
552 569
553 566
553 566
553 566
553 566
553 566
554 569
554 569
554 569
554 569
554 569
555 566
555 566
555 566
555 566
555 566
556 569
556 569
556 569
556 569
556 569
557 568
557 568
557 568
557 568
557 568
558 569
558 569
558 569
558 569
558 569
559 569
559 569
559 569
559 569
559 569
560 566
560 566
560 566
560 566
560 566
561 569
561 569
561 569
561 569
561 569
562 594
562 594
562 594
562 594
562 594
563 569
563 569
563 569
563 569
563 569
564 588
564 588
564 588
564 588
564 588
565 602
565 602
565 602
565 602
565 602
566 602
566 602
566 602
566 602
566 602
567 602
567 602
567 602
567 602
567 602
568 602
568 602
568 602
568 602
568 602
569 602
569 602
569 602
569 602
569 602
570 610
570 610
570 610
570 610
570 610
571 602
571 602
571 602
571 602
571 602
572 602
572 602
572 602
572 602
572 602
573 602
573 602
573 602
573 602
573 602
574 602
574 602
574 602
574 602
574 602
575 602
575 602
575 602
575 602
575 602
576 602
576 602
576 602
576 602
576 602
577 602
577 602
577 602
577 602
577 602
578 602
578 602
578 602
578 602
578 602
579 602
579 602
579 602
579 602
579 602
580 602
580 602
580 602
580 602
580 602
581 602
581 602
581 602
581 602
581 602
582 602
582 602
582 602
582 602
582 602
583 602
583 602
583 602
583 602
583 602
584 602
584 602
584 602
584 602
584 602
585 602
585 602
585 602
585 602
585 602
586 611
586 611
586 611
586 611
586 611
587 610
587 610
587 610
587 610
587 610
588 602
588 602
588 602
588 602
588 602
589 615
589 615
589 615
589 615
589 615
590 638
590 638
590 638
590 638
590 638
591 630
591 630
591 630
591 630
591 630
592 602
592 602
592 602
592 602
592 602
593 611
593 611
593 611
593 611
593 611
594 620
594 620
594 620
594 620
594 620
595 630
595 630
595 630
595 630
595 630
596 630
596 630
596 630
596 630
596 630
597 630
597 630
597 630
597 630
597 630
598 630
598 630
598 630
598 630
598 630
599 630
599 630
599 630
599 630
599 630
600 630
600 630
600 630
600 630
600 630
601 630
601 630
601 630
601 630
601 630
602 630
602 630
602 630
602 630
602 630
603 630
603 630
603 630
603 630
603 630
604 630
604 630
604 630
604 630
604 630
605 630
605 630
605 630
605 630
605 630
606 630
606 630
606 630
606 630
606 630
607 630
607 630
607 630
607 630
607 630
608 630
608 630
608 630
608 630
608 630
609 630
609 630
609 630
609 630
609 630
610 630
610 630
610 630
610 630
610 630
611 630
611 630
611 630
611 630
611 630
612 630
612 630
612 630
612 630
612 630
613 630
613 630
613 630
613 630
613 630
614 630
614 630
614 630
614 630
614 630
615 630
615 630
615 630
615 630
615 630
616 630
616 630
616 630
616 630
616 630
617 641
617 641
617 641
617 641
617 641
618 630
618 630
618 630
618 630
618 630
619 638
619 638
619 638
619 638
619 638
620 660
620 660
620 660
620 660
620 660
621 641
621 641
621 641
621 641
621 641
622 660
622 660
622 660
622 660
622 660
623 660
623 660
623 660
623 660
623 660
624 660
624 660
624 660
624 660
624 660
625 660
625 660
625 660
625 660
625 660
626 660
626 660
626 660
626 660
626 660
627 660
627 660
627 660
627 660
627 660
628 660
628 660
628 660
628 660
628 660
629 660
629 660
629 660
629 660
629 660
630 660
630 660
630 660
630 660
630 660
631 660
631 660
631 660
631 660
631 660
632 660
632 660
632 660
632 660
632 660
633 660
633 660
633 660
633 660
633 660
634 660
634 660
634 660
634 660
634 660
635 660
635 660
635 660
635 660
635 660
636 660
636 660
636 660
636 660
636 660
637 660
637 660
637 660
637 660
637 660
638 660
638 660
638 660
638 660
638 660
639 660
639 660
639 660
639 660
639 660
640 660
640 660
640 660
640 660
640 660
641 660
641 660
641 660
641 660
641 660
642 660
642 660
642 660
642 660
642 660
643 660
643 660
643 660
643 660
643 660
644 677
644 677
644 677
644 677
644 677
645 660
645 660
645 660
645 660
645 660
646 660
646 660
646 660
646 660
646 660
647 660
647 660
647 660
647 660
647 660
648 660
648 660
648 660
648 660
648 660
649 660
649 660
649 660
649 660
649 660
650 660
650 660
650 660
650 660
650 660
651 676
651 676
651 676
651 676
651 676
652 660
652 660
652 660
652 660
652 660
653 700
653 700
653 700
653 700
653 700
654 700
654 700
654 700
654 700
654 700
655 677
655 677
655 677
655 677
655 677
656 700
656 700
656 700
656 700
656 700
657 700
657 700
657 700
657 700
657 700
658 700
658 700
658 700
658 700
658 700
659 700
659 700
659 700
659 700
659 700
660 700
660 700
660 700
660 700
660 700
661 711
661 711
661 711
661 711
661 711
662 700
662 700
662 700
662 700
662 700
663 700
663 700
663 700
663 700
663 700
664 700
664 700
664 700
664 700
664 700
665 700
665 700
665 700
665 700
665 700
666 700
666 700
666 700
666 700
666 700
667 700
667 700
667 700
667 700
667 700
668 700
668 700
668 700
668 700
668 700
669 700
669 700
669 700
669 700
669 700
670 700
670 700
670 700
670 700
670 700
671 700
671 700
671 700
671 700
671 700
672 700
672 700
672 700
672 700
672 700
673 700
673 700
673 700
673 700
673 700
674 700
674 700
674 700
674 700
674 700
675 700
675 700
675 700
675 700
675 700
676 700
676 700
676 700
676 700
676 700
677 700
677 700
677 700
677 700
677 700
678 700
678 700
678 700
678 700
678 700
679 700
679 700
679 700
679 700
679 700
680 700
680 700
680 700
680 700
680 700
681 700
681 700
681 700
681 700
681 700
682 700
682 700
682 700
682 700
682 700
683 700
683 700
683 700
683 700
683 700
684 700
684 700
684 700
684 700
684 700
