1 70 0
2 800 0
3 373 217.78
4 205 0
5 160 0
6 156 0
7 148.5 0.27778
8 149 0
9 152.5 0.27778
10 151 1.1111
11 141.5 2.5
12 131.5 0.27778
13 129 0
14 125.5 0.27778
15 125 0
16 126 0
17 128.5 0.27778
18 137 1.1111
19 150.5 2.5
20 167.5 2.5
21 184 1.1111
22 192.5 0.27778
23 189 1.1111
24 174 1.1111
25 155 0
26 137.5 0.27778
27 125 0
28 116 0
29 109 0
30 105.5 0.27778
31 103 0
32 101 0
33 100 0
34 99 0
35 99 0
36 99 0
37 99 0
38 99 0
39 99.5 0.27778
40 100.5 0.27778
41 99 0
42 99 0
43 99 0
44 98 0
45 97 0
46 96 0
47 95 0
48 94 0
49 92.5 0.27778
50 92.5 0.27778
51 91.5 0.27778
52 91 0
53 91 0
54 90.5 0.27778
55 90 0
56 90 0
57 90 0
58 90 0
59 90 0
60 90 0
61 90 0
62 90 0
63 90.5 0.27778
64 90.5 0.27778
65 90 0
66 91 0
67 90 0
68 90 0
69 90 0
70 91 0
71 91 0
72 91 0
73 91.5 0.27778
74 92 0
75 92.5 0.27778
76 93.5 0.27778
77 94.5 0.27778
78 95 0
79 96.5 0.27778
80 97 0
81 97.5 0.27778
82 99 0
83 99.5 0.27778
84 100 0
85 101.5 0.27778
86 102.5 0.27778
87 103 0
88 104.5 0.27778
89 105 0
90 107 0
91 107 0
92 108.5 0.27778
93 109.5 0.27778
94 110.5 0.27778
95 111 0
96 112.5 0.27778
97 113.5 0.27778
98 115 0
99 115.5 0.27778
100 116.5 0.27778
101 117 0
102 118.5 0.27778
103 120 1.1111
104 120.5 0.27778
105 122.5 0.27778
106 122.5 0.27778
107 123.5 0.27778
108 124.5 0.27778
109 125.5 0.27778
110 126.5 0.27778
111 127.5 0.27778
112 128.5 0.27778
113 129 0
114 130 0
115 131 0
116 132 0
117 133 0
118 134 0
119 134.5 0.27778
120 136 1.1111
121 138 0
122 138.5 0.27778
123 140 1.1111
124 140 0
125 141 0
126 142.5 0.27778
127 143.5 0.27778
128 144.5 0.27778
129 145 0
130 146 1.1111
131 147.5 0.27778
132 147.5 0.27778
133 149 0
134 149.5 0.27778
135 151 1.1111
136 152 0
137 153 1.1111
138 154.5 0.27778
139 155 0
140 156.5 0.27778
141 157 0
142 159 0
143 159 0
144 160 0
145 161.5 0.27778
146 162 0
147 163.5 0.27778
148 164.5 0.27778
149 165 0
150 166 1.1111
151 168 1.1111
152 169 0
153 169 0
154 171 0
155 172 1.1111
156 173 0
157 174 1.1111
158 177 0
159 176 1.1111
160 177 0
161 178.5 2.5
162 180 0
163 180.5 0.27778
164 181 0
165 182.5 0.27778
166 183 0
167 183 0
168 185 0
169 185 0
170 186 1.1111
171 187 0
172 188.5 2.5
173 190 0
174 190 0
175 191.5 2.5
176 193 0
177 193.5 2.5
178 195 0
179 196.5 2.5
180 197.5 0.27778
181 197.5 0.27778
182 199 1.1111
183 200 0
184 201 4.4444
185 203 0
186 203 0
187 203.5 2.5
188 205 0
189 205 0
190 207 4.4444
191 208 0
192 209 0
193 210 4.4444
194 212 0
195 212 0
196 213.5 2.5
197 215 0
198 215 0
199 216 1.1111
200 217 0
201 217 0
202 218 1.1111
203 219 0
204 219 0
205 221 4.4444
206 223 0
207 222 1.1111
208 225 4.4444
209 225.5 2.5
210 227 0
211 227.5 0.27778
212 230.5 2.5
213 230 0
214 230 0
215 231.5 2.5
216 232 1.1111
217 233 0
218 233 0
219 235 4.4444
220 238 1.1111
221 239 0
222 238 1.1111
223 239 4.4444
224 242 0
225 242 0
226 242 0
227 244.5 6.9444
228 247 0
229 247 0
230 247 0
231 249 4.4444
232 249 4.4444
233 251 0
234 251 0
235 252 1.1111
236 253 0
237 253.5 0.27778
238 254 1.1111
239 254.5 2.5
240 255 1.1111
241 256 0
242 256 0
243 258.5 6.9444
244 258.5 6.9444
245 262.5 2.5
246 261 0
247 261 0
248 264.5 13.611
249 266.5 0.27778
250 266 0
251 266 0
252 266 0
253 268 4.4444
254 270 0
255 270 0
256 270.5 0.27778
257 270 0
258 272 4.4444
259 273 1.1111
260 274 0
261 274.5 0.27778
262 274 0
263 274.5 0.27778
264 277.5 2.5
265 281.5 6.9444
266 282 0
267 282 0
268 281.5 6.9444
269 285 10
270 289 4.4444
271 288 0
272 289.5 2.5
273 288 0
274 288 0
275 292.5 22.5
276 295.5 0.27778
277 296 1.1111
278 296 1.1111
279 295 0
280 295 0
281 296.5 2.5
282 300 0
283 300 0
284 299.5 0.27778
285 300 1.1111
286 300 0
287 303 10
288 303 10
289 306 0
290 306 0
291 318.25 158.09
292 317.5 152.37
293 319.75 130.72
294 322.25 178.09
295 324 127.89
296 323.5 116.05
297 324.5 139.21
298 324 127.89
299 323.5 116.05
300 326 94.211
301 331.5 164.47
302 330.5 139.21
303 331.5 164.47
304 331.5 164.47
305 331.25 159.14
306 330.5 139.21
307 333.25 103.88
308 335 196.32
309 337 177.89
310 337 177.89
311 338.5 143.95
312 337 177.89
313 340 187.37
314 338.75 139.67
315 339.5 129.21
316 343.75 132.83
317 344.75 111.25
318 351 236.84
319 347.5 139.21
320 347 152.11
321 348.75 113.88
322 349.5 103.42
323 350.5 76.053
324 351.75 55.461
325 353.5 129.74
326 356.5 151.84
327 356.25 172.3
328 356 178.42
329 358 132.11
330 357.5 147.63
331 357.5 147.63
332 359.5 95
333 359.5 95
334 363.25 185.99
335 363.5 192.37
336 365.5 169.21
337 364 206.32
338 366.25 155.99
339 366.25 155.99
340 366.25 155.99
341 368.5 95
342 370.25 69.671
343 370.25 69.671
344 372 203.68
345 373 133.16
346 373.5 221.32
347 376 164.74
348 375.25 177.57
349 377.5 149.74
350 377.75 111.78
351 378.5 95
352 380 72.105
353 381.25 164.41
354 381.5 166.58
355 384.25 248.09
356 384.75 262.3
357 386.5 213.95
358 386.25 181.78
359 390.35 113.49
360 400.5 2.5
361 399 0
362 400.5 2.5
363 400.5 2.5
364 401 4.4444
365 405 10
366 412 0
367 414 0
368 412 0
369 413 1.1111
370 413 1.1111
371 414 0
372 414 0
373 414 0
374 412 0
375 413 1.1111
376 417 27.778
377 413 1.1111
378 431 1.1111
379 424 0
380 424 0
381 424 0
382 424 0
383 424 0
384 424 0
385 424 0
386 428 17.778
387 424 0
388 427 10
389 437 187.78
390 445 27.778
391 451 1.1111
392 450 0
393 450 0
394 450 0
395 450 0
396 450 0
397 450 0
398 450 0
399 451 1.1111
400 445 27.778
401 452.5 6.9444
402 450 0
403 455.5 33.611
404 461 0
405 461 0
406 461 0
407 461 0
408 461 0
409 461 0
410 461 0
411 461 0
412 463 4.4444
413 461 0
414 461 0
415 464 10
416 470.5 100.28
417 480 0
418 480 0
419 480.5 0.27778
420 480 0
421 480.5 0.27778
422 480 0
423 481 0
424 480 0
425 480.5 0.27778
426 480 0
427 480 0
428 480 0
429 480 0
430 480 0
431 480 0
432 480 0
433 489 71.111
434 498 1.1111
435 497 0
436 497 0
437 497 0
438 497 0
439 498 1.1111
440 497 0
441 497 0
442 497 0
443 497 0
444 498 1.1111
445 497 0
446 499 4.4444
447 499 4.4444
448 516 0
449 516 0
450 509.5 46.944
451 508.5 62.5
452 516 0
453 516 0
454 516 0
455 516 0
456 516 0
457 518 4.4444
458 516 0
459 516 0
460 516 0
461 516 0
462 516 0
463 516 0
464 516 0
465 519 10
466 530.5 33.611
467 525 0
468 520.5 22.5
469 530.5 33.611
470 525 0
471 530.5 33.611
472 525 0
473 530.5 33.611
474 525 0
475 525 0
476 525 0
477 530.5 33.611
478 525 0
479 525 0
480 525 0
481 530.5 33.611
482 525 0
483 525 0
484 525 0
485 532.5 62.5
486 534.5 100.28
487 544 0
488 545.5 22.5
489 548.5 2.5
490 547 10
491 547 9.4737
492 548.5 7.1053
493 545.5 7.1053
494 551 34.737
495 549.25 1.7763
496 550 0
497 551.75 25.461
498 554.5 63.947
499 551 85.263
500 558.75 81.776
501 558 132.11
502 557.25 116.51
503 557.25 116.51
504 558 132.11
505 558.75 81.776
506 558.75 81.776
507 561.25 110.72
508 566.75 1.7763
509 567.5 2.3684
510 568.25 1.7763
511 566.75 1.7763
512 567.5 2.3684
513 566.75 1.7763
514 566.75 1.7763
515 566.75 1.7763
516 568.25 1.7763
517 573.75 145.46
518 575.75 243.36
519 582.75 254.41
520 584.75 314.41
521 569.75 11.25
522 585.5 286.58
523 584.5 322.89
524 585.25 295.46
525 585.5 286.58
526 586.75 399.67
527 585.5 286.58
528 591.75 192.83
529 591.75 192.83
530 591.75 132.83
531 602 0
532 604 12.632
533 602 0
534 602 0
535 602 0
536 604 12.632
537 606 16.842
538 602 0
539 602 0
540 602 0
541 602 0
542 604.25 15.987
543 616 206.32
544 604.25 15.987
545 611.25 137.57
546 609 154.74
547 611 255.79
548 618 277.89
549 616 206.32
550 616 206.32
551 618 277.89
552 618.25 155.99
553 625 78.947
554 623 154.74
555 622.5 59.211
556 628.25 72.829
557 630 0
558 623 154.74
559 625.25 71.25
560 627.5 19.737
561 630 0
562 630 0
563 630 0
564 630 0
565 630 0
566 632 12.632
567 630 0
568 630 0
569 630 0
570 632.75 23.882
571 630 0
572 634.5 63.947
573 632 12.632
574 649.25 428.09
575 637.25 61.776
576 641.75 435.99
577 645 236.84
578 647 186.32
579 641.75 435.99
580 645 236.84
581 647 186.32
582 656.75 301.78
583 656 458.42
584 652.5 177.63
585 658.5 192.37
586 660 0
587 659.5 170.79
588 664 50.526
589 664.25 57.039
590 664 50.526
591 660 0
592 668.25 71.776
593 660 0
594 660 0
595 660 0
596 660 0
597 660 0
598 660 0
599 660 0
600 660 0
601 670.75 132.3
602 668.5 76.053
603 671 140.53
604 665.5 95.526
605 664.25 57.039
606 671 140.53
607 680 421.05
608 684.25 299.14
609 680 421.05
610 688.5 139.21
611 680 421.05
612 679.5 215.53
613 680 421.05
614 684 303.16
615 684.25 299.14
616 687 414.21
617 689.5 120.79
618 690 315.79
619 700 0
620 695.5 63.947
621 694.25 104.41
622 700 0
623 702.75 23.882
624 705.75 34.934
625 700 0
626 705.75 34.934
627 702.75 23.882
628 702.75 23.882
629 700 0
630 700 0
631 700 0
632 700 0
633 700 0
634 700 0
635 700 0
636 700 0
637 710 315.79
638 715.5 463.42
639 712.75 513.36
640 702.75 23.882
641 717.25 456.51
642 712.75 513.36
643 712.75 513.36
644 712.75 513.36
645 725.5 684.47
646 718.5 463.42
647 725.5 684.47
648 717.25 456.51
649 725.5 684.47
650 725.5 684.47
651 747.5 62.5
652 751 0
653 751 0
654 751 0
655 751 0
656 750.5 0.27778
657 750.5 0.27778
658 751 0
659 751 0
660 750.5 0.27778
661 751 0
662 751 0
663 751 0
664 751 0
665 753 4.4444
666 751 0
667 751 0
668 751 0
669 751 0
670 751 0
671 753 4.4444
672 750.5 0.27778
673 755 17.778
674 756.5 2.5
675 755 17.778
676 751 0
677 774 587.78
678 776 490
679 773.5 613.61
680 791 40
681 902 12250
682 774 587.78
683 797 0
684 774 587.78
685 776.5 466.94
686 797 0
687 797 0
688 797 0
689 797 0
690 797 0
691 797 0
692 798.5 2.5
693 797 0
694 797 0
695 797 0
696 797 0
697 798.5 2.5
698 797 0
699 797 0
700 797 0
701 797 0
702 797 0
703 797 0
704 797 0
705 797 0
706 797 0
707 797 0
708 797 0
709 797 0
710 797 0
711 797 0
712 797 0
713 800 0
714 798.5 2.5
715 797 0
716 797 0
717 800 0
718 797 0
719 797 0
720 797 0
721 797 0
722 798.5 2.5
723 797 0
724 798.5 2.5
725 800 0
726 798.5 2.5
727 798.5 2.5
728 800 0
729 798.5 2.5
730 800 0
731 800 0
732 800 0
733 800 0
734 800 0
735 800 0
736 800 0
737 800 0
738 800 0
739 798.5 2.5
740 800 0
741 800 0
742 800 0
743 800 0
744 800 0
745 800 0
746 800 0
747 800 0
748 800 0
749 800 0
750 800 0
751 800 0
752 800 0
753 800 0
754 800 0
755 800 0
756 800 0
757 800 0
758 800 0
759 800 0
760 800 0
761 800 0
762 800 0
763 800 0
764 800 0
765 800 0
766 800 0
767 800 0
768 800 0
769 800 0
770 800 0
771 800 0
772 800 0
773 800 0
774 800 0
775 800 0
776 800 0
777 800 0
778 800 0
779 800 0
780 800 0
781 800 0
782 800 0
783 800 0
784 800 0
785 800 0
786 800 0
787 800 0
788 800 0
789 800 0
790 800 0
791 800 0
792 800 0
793 800 0
794 800 0
795 800 0
796 800 0
797 800 0
798 800 0
799 800 0
800 800 0